0
1
3
4
6
0
7
9
10
18
23
31
18
41
44
46
31
51
6
53
46
41
61
66
48
7
18
10
38
42
43
66
31
11
70
194
81
35
121
197
123
78
49
81
1
90
93
76
6
94
6
172
99
79
78
31
104
107
187
112
61
116
120
288
125
128
228
133
87
44
81
227
230
49
136
238
146
86
151
6
154
159
163
151
120
9
532
168
527
398
398
173
350
354
327
180
532
186
195
132
203
136
94
22
168
136
420
498
212
34
221
7
434
320
78
88
171
221
936
34
104
577
78
557
120
22
35
430
40
758
78
916
52
229
517
65
913
763
180
524
809
163
757
519
501
221
171
41
124
541
125
545
136
829
977
141
52
104
128
78
545
236
52
539
184
52
420
705
539
712
719
6
98
81
122
422
135
133
184
909
34
123
168
665
109
114
225
1126
146
70
46
153
1184
665
169
75
233
76
236
911
239
909
519
243
248
88
253
61
687
63
633
1250
1259
52
258
94
154
941
687
684
268
278
34
283
565
158
1212
293
569
7
1828
1828
3
1124
686
1124
1427
1218
635
1126
90
302
688
571
307
1222
1735
718
572
8
310
659
1220
722
661
1224
548
315
86
324
114
169
334
339
2364
1773
344
566
631
726
352
88
49
1872
360
364
721
1053
368
22
1075
371
99
2650
1034
1565
375
89
385
1033
387
1037
2642
109
243
153
1143
791
388
814
587
0
146
958
1028
247
86
1619
1608
23
1277
564
29
2756
203
111
586
1540
225
727
456
1507
791
2398
120
2398
302
1844
230
1392
651
53
375
3301
792
163
398
66
133
1506
1849
1394
652
66
364
1399
1733
225
1153
339
405
413
418
423
1737
3035
3038
1846
1737
1815
371
783
653
151
431
435
1242
858
30
4148
60
385
1505
248
99
1279
1837
2646
439
3087
442
447
450
3864
454
69
457
715
163
3870
786
3
3857
1318
460
1344
44
2646
7
3852
1348
712
75
454
3508
4193
1234
81
835
310
83
4324
1840
465
4199
474
484
1840
487
712
211
1235
3517
491
2643
2638
344
4814
1804
347
229
3852
3853
2643
324
494
331
498
1842
247
1830
506
171
4208
511
1813
516
314
1956
351
133
518
522
2855
2529
527
367
531
536
2312
4378
2311
1843
331
2834
2858
540
542
544
1672
548
553
1846
2969
498
556
44
561
2237
2295
29
236
1851
3579
571
439
3243
3586
153
576
3694
503
3700
2799
211
3700
3702
571
1849
1850
2446
6977
1566
405
2286
229
6980
3690
2448
268
238
580
5520
589
4030
516
4204
3697
4204
247
2052
272
3942
6973
574
2051
2738
48
561
3983
30
2738
2049
6453
6444
3
5082
69
277
248
3841
410
6217
230
2395
6214
5089
203
598
603
608
615
620
2732
360
5093
171
371
6421
3104
3610
5385
625
1919
3474
3037
324
2492
4238
3476
3472
465
3619
208
450
630
61
365
7023
5346
503
8
518
128
3327
7023
2491
638
272
469
235
2891
3678
3647
3642
646
651
655
660
520
571
663
2687
6990
548
667
7520
7
673
4330
30
678
3989
3248
230
413
603
46
365
3249
683
6480
2193
3250
2195
3987
435
690
494
6038
3977
8604
8612
4618
3680
8
469
31
615
4024