0
5
8
426830
426832
426836
426840
426830
426831
426845
426845
426846
426848
679709
8
426845
426846
679712
679716
426836
426832
679720
679716
426845
0
679716
6
8
426840
71284
71288
71292
217876
1106557
706459
217881
7
426832
1106559
1109776
426840
217886
426844
256347
1354743
426834
256352
679709
1837554
217886
256354
426832
71284
289169
2216336
1106561
1837554
71287
0
1106559
217886
8
4
53316
333956
2264386
426835
679709
53321
426845
53326
342497
644706
256347
53327
706459
2264388
256348
53329
53330
644708
53335
736523
53340
2061207
71284
53341
1962498
1786270
53342
1786273
644708
1962498
426847
2410976
644710
644710
71285
53342
256349
53343
2642947
644707
1017547
2269679
53344
53321
53342
1103631
1103636
533480
4023708
395828
53340
53342
426846
0
3066242
333956
53323
3215127
1017547
380979
333956
53316
333957
3373312
3652637
217890
533497
53330
425854
53316
333958
53324
3652637
1837554
1012675
7719001
2696289
679716
425857
679719
3890731
425857
425862
1875899
53326
425865
2693596
2693598
1017547
2642947
2693600
426845
479184
733058
1071552
759821
53333
5927073
1071554
5709191
759823
71288
759825
723490
5709193
1837554
723494
4067436
4411505
2693602
217881
2854444
425865
425868
425873
59725
425878
53329
425883
1071554
1215770
71290
4767316
5190544
426832
1012677
425857
426832
425887
759824
9638052
5408978
5589619
759826
0
426835
4003807
4003810
53327
759828
53328
9776631
533489
19715945
5303596
5932973
426833
533489
217876
733059
733060
6322435
533489
425891
426848
6748297
4429702
3652637
679712
53329
1859538
217880
4700683
733058
425868
733059
1859545
425894
4700686
679715
751369
751369
425897
6806271
6801628
3040486
1279573
480185
1279573
425900
425871
11236571
3040486
425903
0
1837554
9639033
7454047
425908
3199865
6801630
2285419
426832
2642947
425908
7255490
1279575
425910
7911883
7028191
425857
425912
425859
333956
1076457
425916
425921
7028193
425926
5569802
3561463
11183247
2285426
71288
2642947
906106
7727457
479191
425931
426836
7911886
7911889
333956
425936
5932973
425941
2356708
425944
3877305
425947
3466399
425952
425862
3466401
4508517
7911886
6130006
9596409
53329
53326
425956
3
9596412
479285
53342
6102163
33741017
8154302
425959
425963
425966
425971
53329
425976
425957
425980
9096030
425983
425958
8154310
425987
425991
425996
6216576
9948009
5995764
53335
425921
5995766
533514
10874358
10874364
32702117
533514
5480476
425872
10874370
533514
425878
8100975
425857
425881
425924
7255490
10373897
1859548
1704553
426836
4561848
7674143
5995770
425999
960350
8107318
7674146
426004
8107320
426008
426012
7674146
426017
10373902
32702129
6409133
7674154
7673798
10373908
8694695
5853076
425959
7983156
425966
426022
8231899
425961
12545010
12545012
6600305
8466537
426027
426032
426037
7674160
8835614
6640420
5853081
5995818
13397081
679712
5426246
425971
10448396
16698445
9142434
10448397
9312179
22421540
5995822
8097521
16698452
426012
5995824
9585547
10011726
10216151
426040
7658152
8097524
36151752
1704557
7658155
19959445
426044
17124465
11124574
8835614
5426251
7028337
17124467
17124470
6600315
6600316
10489777
16211979
22421541
53328
2410976
4189345
425999
10959954
17124469
12664511
11357708
3199865
425980
11794937
12091540
12565570
16211978
426047
17124480
4189344
16211983
426051
426055
19455238
4189345
426835
39992044
12664513
22421545
22919515
426845
425931
3408276
53333
43400325
679714
425908
13048684
42949455
46724225
16457977
13424707
2509802
425952
8510151
24931351
22919520
8510156
13424707
6709000
425991
426059
17976590
19237334
4136015
36344228
426047
46298189
16212009
426064
426068
13897121
37467350
31873707
5000313
46298196
19663387
42949464
426073
425959
37467365
46298204
426022
425955
46298207
426078
425897
19592084
426026
9312179
7561094
426050
425963
71292
14183113
46724244
217890
53321
21744206
14510631
41542682
14883993
9498500
46724248
19810127
426054
425908
39246237
12238616
1942555
255900
16884042
16884047
43801487
425909
31096007
425891
14249055
47150167
47150170
5071606
4817931
5932973
5071609
255905
53324
20236024
426836
11794937
1076457
5071614
15208752
30275445
15387939
37467376
425956
255910
20670185
27456553
44877944
58945115
5243887
53325
15781271
58945123
255914
425910
426015
58945135
255919
16045313
20723510
37728073
31716407
44877954
30275451
255900
255922
37728079
255927
426016
17310884
44877961
20723519
255905
255932
255935
255938
37728080
16752520
10959954
255908
2830077
14249062
255941
255946
40558158
255948
255952
20979460
41572436
14249064
40558167
3559201
36149459
16515754
27968425
7255490
25078683
255909
53335
30019550
40558166
255954
17096376
40558171
41572440
425865
37467383
4987993
17096383
40558178
255959
10551757
10551762
25952098
679716
12000803
31021699
40558179
255964
29832755
12565570
20979457
425867
7475019
41572450
255905
40558186
88794210
1232070
41572459
255954
41572460
425862
29832761
88794226
255966
20979462
25952098
255958
12086815
425894
425912
9614037
29832765
425983
14933170
20979466
36405376
28394292
12086821
36405375
255971
14933169
38699458
4062978
255975
425976
12919596
255980
425991
3853279
426004
32247573
32247575
29832771
12037034
16863761
43241867
17226516
426012
255985
36405378
17668216
15208752
12037035
55341042
18067777
32247574
425871
18340736
255988
48510423
425896
18717321
255993
19071702
12037037
425865
425915
54473161
74412751
88367393
426007
255996
5087315
19314184
15871137
38035975
425979
256001
5087321
74838768
64608616
74838772
256005
256008
256013
425881
54473167
39551336
32759578
12037044
256016
256020
65290514
256024
11324094
8
47500981
11212072
30951514
68080632
47500983
32759583
9444148
43115450
255927
43115458
256029
14883993
255946
74838779
16127156
32503642
50763418
255931
68080645
50763436
11324098
65237187
47500988
425952
11613327
425910
74838780
74838791
9956031
425996
256033
3040486
256036
65493228
426015
5589619
9956031
256040
16863761
2132873
256043
11613335
38717935
256047
32247648
255996
71292
256052
256055
89049473
89049482
256058
6640420
32247646
30092000
7255490
359303
47757047
32247648
78930063
255964
193548
425936
217702
217705
9956036
217709
11575363
47703712
2579722
30092004
425939
5870542
425931
17425703
217713
217716
217720
30092010
217725
9799637
256000
8466537
16045313
9799642
32247655
50763459
12535757
51215397
66392869
426040
217728
217731
45711277
77857646
50763464
51433140
9799640
425935
425985
426073
255914
2839617
77857652
217736
66392883
38717800
49260572
675599
217741
49936179
47703710
47703708
12961800
38717806
87426727
1954715
217745
45711276
47703716
49718472
426054
16863761
78075407
22927834
9137217
96563954
425999
60126136
13424707
217749
48800957
426077
217753
25219836
65966893
12091047
12961805
19803174
426845
38982
217757
12607137
34279000
12607147
34279004
425872
25219838
25219844
50570554
12291659
28513548
50808858
37511510
68604142
18069328
255917
28513557
8466537
68604157
34278999
255921
66184658
217762
16366535
12607142
12459552
81876373
217767
217772
2719393
255925
68604170
426010
217777
96999482
7358518
255958
12351191
12684556
425894
28513558
12351192
20115336
217713
425900
101278050
20322102
20815440
72508419
425910
7803417
72510557
9498500
21039271
30292402
255966
51501665
18340736
20956274
255968
217782
72510554
44184921
101278065
72510561
217784
679720
425902
217786
8237769
12095227
679718
57997432
21411548
426055
21735771
30358895
217782
425865
22231322
30358901
63579509
68604168
217791
63579526
101771237
68604178
98277153
217794
425908
57997442
34326551
426058
98558680
425910
217796
217890
30292413
64649294
40770929
255827
10011726
256013
40770928
256040
425912
34070517
255832
256015
102027084
78871962
51719322
78871976
98984608
217713
34070522
30292412
8595775
217716
256042
16863761
99458357
44904619
43348591
2336789
44904626
22497623
40770933
40770942
255837
40770945
43604433
67402251
18340736
102027088
10959954
67402253
30576621
217718
425894
217719
8759961
255842
97851267
30292420
255847
47367264
255851
2509802
47367271
425961
255855
426083
255859
79297943
255863
53329
51975175
255868
47173718
102282973
255872
43806985
79297954
12890227
255875
46401574
255877
79297960
47173721
67402257
255879
31306054
255884
255888
20322102
255958
4334154
102283039
99032411
40940886
46401569
3153250
255905
102283042
33754907
86275906
99032431
31306055
22985673
426055
33754917
31306064
46401578
255893
255907
31561979
255897
10429814
102283052
43806995
256015
51975178
426057
102283060
217801
11575363
47855681
79809745
217802
217805
217810
217815
217818
217823
46401584
17290409
46401596
217828
20322102
217833
100131862
13835035
217837
23383821
31779790
255893
52570005
86711534
86711542
23695947
10429817
33972739
425887
33972748
33972749
102074988
46401598
118867235
31779782
23916029
217842
49909313
24222630
125991032
255946
33972760
76265962
217846
99878043
122709778
122709782
99878051
99878071
67190813
67190816
102003492
217850
125991036
10647666
49909314
46401602
8595775
72296142
20621631
99878072
99878090
58595041
86658223
86658230
425947
53328
72296149
31779920
426017
16863761
155208447
86658238
217716
123779478
255921
99878106
255924
102003492
10647674
217853
217857
425976
255952
99452139
255948
217860
155208463
426037
217865
255935
47131330
425977
71652262
124215208
11748716
81148629
99452147
426064
49483371
217828
255931
156060587
217870
47557323
49739306
47557323
99452157
124215225
155842726
34190614
217870
10959954
124215227
124215242
217873
81366461
217876
124215248
217879
11794879
4767316
69879649
31779957
81366467
11794882
10609616
81366468
107196802
255951
11794886
24692971
9498500
2659165
217831
11794891
69879656
13891063
24991404
425897
426067
81366478
65914228
33763788
106080475
25460531
11794891
81366480
11794896
217725
25781817
180753574
11794900
70215605
11794905
131541024
33763786
119209433
11794910
26107028
11794914
18667710
255909
26408978
11794917
11794921
161696094
11794926
26903186
426832
217870
27347905
161696100
27638070
180753587
58313819
20800805
255914
28022020
124291778
180753605
69959691
426833
11794930
425977
2768260
28281628
93740364
11794934
256061
69533719
55199770
60551032
55199775
28596216
32329847
93740373
256016
124291782
255935
187239310
54943771
104294347
69277788
96820859
29008750
29236205
139429425
58739801
69277801
69277798
2336789
256020
124291791
425978
255900
17224495
29510654
255877
217828
96564958
61584483
187239327
217829
32632768
104294355
256043
26107028
425916
426059
183346296
14051996
22497623
236525575
256065
93740374
256067
256071
219895924
61840558
117594959
104550408
32632774
256073
217830
124291794
236525605
426063
67071777
255966
255879
255964
255881
67071785
105777837
425916
93740378
255914
256001
104124519
93740383
255921
32802877
124547731
236951519
20322102
16863761
29700269
5408978
105777844
29979716
425887
38211862
123720105
169385762
181333210
425894
181333236
217718
256077
105995571
256079
256081
236951525
15781271
55711640
217842
30350668
30763875
256086
256088
57963226
105995585
31154096
31637374
255883
11134304
255916
425890
256093
425912
256098
97123779
26339219
32059408
140013381
256102
236525644
184211241
140013392
57963233
181759152
236525655
3853279
157081090
70328386
426840
5110008
176414130
28596216
12918363
180404375
425914
162191098
426840
176414141
1347119
256106
256109
256112
111657777
256116
125976118
256120
154943850
68540178
219981271
425891
111657788
256124
219981294
162191114
425893
184467360
165395639
165395649
84997821
255921
127177964
161935205
217846
426040
176926382
217810
165821696
32462299
256129
198284004
256132
188070218
25460531
161935209
217813
104977248
217848
104977260
12459552
104977268
425920
32831538
17136694
426844
679715
97097811
99539892
70113799
14883993
53321
71158005
71158011
426040
11794891
177606111
210079712
255908
425871
256077
256136
237118021
20950548
127301652
256141
177606120
426043
20115336
97097817
217762
13424707
201542975
161509153
201542987
256143
237118043
217764
210118027
97353971
256148
28783199
97353977
201543012
426067
237118064
100642255
11794895
27638070
113271946
28008253
256151
113645179
217890
33298497
58318921
161509158
426054
113645180
134826842
12091047
210118039
33716382
58318925
140013397
262005612
161679121
113063783
34127149
256102
161679129
217848
134826839
22844683
161801703
255948
19071702
256155
140525657
113063796
147617521
34565623
161801721
76964579
140525671
147617529
34944932
76964575
35190249
256159
248953237
147629431
35669122
217846
255877
127557807
140525681
21735771
425939
256163
256129
127557819
35908125
97392295
58044670
256131
426058
184523824
140525677
332358832
36211019
5408978
425903
97392305
22027723
127557817
95080251
425867
255946
140525683
426047
248783560
256168
256065
255851
212216478
18067777
212216491
57618772
95458499
36703410
217782
113517136
97600583
37116285
147873669
256173
57618782
162057893
332614694
426050
113517141
188284840
37572792
212216503
131770747
147873669
255854
212216511
247256910
256178
256182
131770754
162313771
147873679
131770764
426004
247256910
37943920
18188136
256186
180454489
188284847
255884
147873690
140695731
97600583
217810
332614720
180454503
332614737
426063
131600893
180454508
140695740
38375395
256191
19803174
57874961
212216530
140695747
332614742
170637236
256196
57874969
140695745
169976282
250833549
256199
11794899
256013
217764
250833546
140695748
256148
256204
38823683
180236751
68364373
68364381
128153604
217823
6640420
256209
256213
251051378
256217
249039760
128153619
170472937
256221
180492980
249039784
217826
128153619
256225
180492999
235006064
425979
256227
224267592
147703926
256230
256233
256235
9498500
209934947
58387199
256239
39145888
425963
69046595
128409857
181005465
140695766
255980
240956483
58387214
240700313
223841684
255982
426044
255983
255984
210616979
31637374
10125516
16037900
86216198
118720404
68790441
20003328
426040
177555549
363422222
177346666
177555563
68737112
58387212
177555571
177555586
58387225
255954
217860
256159
53328
425903
39609081
255956
256182
256187
224097891
11794910
256242
163789597
256162
39950041
40364951
125452568
11794912
256190
58387223
257020547
181261472
425908
68993074
125452578
256245
1076457
256250
128835772
163789616
40773591
177555603
425976
256255
304412893
255830182
18067777
256258
41136401
426042
177811878
425979
256260
256263
177811879
304412914
177811893
256265
68567107
177346747
58387228
33716382
256270
41573308
256052
228312904
256275
210021655
426022
42019722
0
255842
29236205
361582348
256280
256283
255845
304591476
177602807
42350578
256287
256204
167271245
256289
223793701
170665595
130329079
255859
2
223793726
223793739
217767
22201025
42710632
256016
177346609
224049774
256293
43197992
209765815
177346609
170665603
255985
17268247
170665610
11794926
217716
170883337
217842
13891063
111175610
43690604
228312907
170883339
209765822
28268839
217844
224267623
111175617
373159863
170627438
111175623
255909
22382157
12918363
256296
251294770
255982
8595775
151644649
256019
51788862
44187339
7358518
256301
209765822
224267632
256306
240795646
318854441
251294789
224267644
344317068
119771403
255855
177346621
256309
10125516
256054
417347223
44660146
45099853
256314
217782
425908
328979970
211931610
51788867
209765845
170419322
217802
425915
119771413
256230
173383505
389160724
177346627
417347248
224693579
1076457
251551100
159259494
211931618
256318
426025
211931624
1799220
170419325
170419337
425897
173383520
217848
209765855
256323
240757384
173383541
119345419
170419343
211931633
256328
248782830
45340938
405552341
247765242
256016
256333
256077
329236305
256338
426058
147035495
177346635
23383821
247765260
256001
224863431
292850161
45708438
247765269
177346645
256287
329492665
389417080
248021560
256043
256239
406064682
177346647
7707032
292170465
173383540
44660146
389161143
142800093
45896418
255924
177346653
292170473
425996
292170506
256067
19071702
254426003
143056028
389161171
426044
166007689
140188098
192455254
205310934
256155
42710632
255941
256209
166007700
253999982
284236248
46179845
389161191
205310953
284236260
170675538
170675543
170675552
253999989
389161230
192199096
1208277
167015430
11794886
394269808
46380812
256157
11794926
170675557
256343
256109
217818
46815990
238797724
47149148
256345
47380633
256350
53324
238797746
224437541
255875
217822
238797761
47697505
47921308
256054
255429
256162
238797762
143568547
338407993
34062748
401212477
217764
338408006
187337261
338408025
224674715
48189785
401212493
340616449
239015528
266050298
426840
255434
255438
401212516
48416948
401212555
166503491
239015543
255442
187337260
187337277
217833
338408047
48830809
284182619
170457707
217766
256008
53333
217857
401686415
256143
49015366
340360454
217836
43029757
266305748
255879
255993
255447
166076668
266305766
425985
255450
214681197
255452
255467432
338408058
1836248
239233305
335083470
1837506
49443760
1837508
426044
1837513
1837515
255041393
335083485
255041411
335083504
48416948
335083515
289487789
186961028
170457826
49794677
1837520
141978904
214681230
215520439
1837523
1837527
50126527
217719
425894
288075369
214681240
214681257
266305787
1837531
1837536
346182812
256227
24991404
215520447
141978913
10011726
315179676
402197765
50338873
170457834
25294913
215520452
321191388
273860146
1837540
214425033
217766
50837566
317017218
48662943
317017235
1837531
96270483
1837545
452536663
288075379
317017250
388636023
267887064
51124479
267887065
214425037
217818
273860161
256260
256314
256190
1837550
267925527
213533654
25392361
334865821
96744495
255455
13047230
372285292
217813
339064668
217713
256212
96744504
49015366
256024
517348006
5535017
217880
51538555
214642859
51931781
339282363
388210102
256317
280537904
52365012
5870542
255980
425944
339282378
53335
425980
214642892
13048580
339282399
224588723
372247169
214642886
38823683
256081
51538555
292449488
287594308
262001095
22201025
217823
453879687
217850
292449493
368141741
292449504
280746004
429483733
280746020
256043
426022
287594328
339282403
256067
287594341
292193473
17268247
368141759
426064
52594305
453879710
292193483
287594344
411789469
339708491
231558305
6770650
339708489
255888
256345
224588735
1837540
292193492
7358518
339708483
217886
423529824
53339
217825
13048584
411533152
4396467
217889
150122140
275049696
221272446
346188856
290355999
18167294
423529848
45708438
232050512
346188867
224588739
20113466
15781271
275049685
254056908
312093866
1837506
300298976
300298974
254056912
232050525
423529872
275049709
224588755
255872
266980890
224844635
224844635
254056930
256289
287812244
426032
150122157
302297523
275049726
49420888
287812265
45861855
45896384
268015121
300298973
274949588
53328
224844648
275049733
42710632
3853279
299953314
224844657
47697505
322747246
418845883
45896389
281758521
270741052
217762
256306
266980900
425952
266980915
679714
274761168
150122162
27347905
542402267
377760208
51778810
366938999
266980918
377760232
425996
426012
29006334
462276722
256047
11794917
270485015
19235584
256168
19503091
354263028
22027723
217836
462276752
11794910
256182
268441129
256191
481453023
3559201
300042809
274979021
462276750
357822244
255884
256184
255909
378272218
27543163
266980928
8829143
269470851
1837545
8835607
377605687
425909
425915
52899250
489393962
431597394
45896394
45896397
150292260
53082240
255924
6113068
270485020
489393978
425946
256112
268170007
256115
217805
53286469
377605705
256239
427017012
274978972
269470865
49690856
377605730
377605750
425999
217808
267406845
255951
425978
256168
274296802
256184
45896402
612463264
425983
268425975
300298978
256172
267406852
482305031
203592315
270485034
38823683
8835612
486734817
300298997
482305052
217822
256258
377349500
482561337
203592315
679718
12668861
53777607
426003
426007
54157777
274296808
300299013
21019747
622606678
486734813
217782
482343646
217720
217860
407731735
377349514
274296830
278862287
407731755
45896407
278862320
324642713
203592317
10011726
486952698
269253013
623782834
407731770
45896412
255925
580280263
13048589
19503091
25459534
217724
13048594
420780374
19690395
426024
198078087
13048597
256043
506455815
278644480
506455843
426836
13048602
365057808
3408276
274296830
433828966
13048605
324642720
256046
13048609
217844
13048612
278644502
13048616
376904621
426046
378106436
584942268
14152077
7801137
300089948
13048619
359438683
385131813
278644504
255959
300089962
236339616
13048622
426054
2659165
54573533
359438703
236339627
278644513
426066
313138602
506882680
337691348
1017547
636831520
636831540
256067
255946
12274563
13048594
256132
45896384
17604198
425891
249388232
13048625
433828984
13048629
584626546
302494336
250494163
249388242
18023011
54883286
487334827
359438716
433572802
358817215
367463548
358817241
426833
350739988
55088388
217876
55460385
333112810
55796381
217767
543131217
361042950
506504652
256199
13048632
364006393
367890393
361042939
13048635
597675212
327205265
13048640
433572808
519553309
256242
364006401
56154781
56522244
333112819
333112835
367890404
13048644
255952
327205283
367890413
39025100
666878644
56992571
256098
3000141
24222630
364299196
433828769
57221688
426068
57557461
616136041
12274563
420132909
599653503
363750463
39145855
57912378
666878659
314930723
666878695
256202
39145858
291693150
1074549
8120300
11794926
420132915
426068
706024581
14181096
58334431
11794929
256190
659062482
39609081
3408276
363750475
402129469
27851693
39145863
58782327
19503091
6409133
447984633
2659165
308954887
255875
39145867
425867
315030618
367464560
315030621
46179845
494164501
399470318
314041520
428941936
360793262
399470323
31986434
494164511
59193199
314041535
648872730
314041536
360793261
55088388
255925
39145872
426059
484507315
702616301
438616220
39145877
484507336
314467607
255897
749351727
484507361
55234920
494420442
425912
425985
39145882
703961146
494420467
256081
294756330
2865788
348000736
749351735
346165140
438616226
40364951
0
426071
369702540
370159623
58782327
217724
24547073
13048648
308954699
217873
13048653
294756339
256000
308954711
703961156
308954704
382107430
11794917
382107445
253153985
737609287
382107449
357328725
59628213
282961453
13048622
36703410
39145867
58953138
357328732
45896407
13048632
357057699
217709
11794891
24222630
462838884
357057701
217712
60113534
253153991
49788431
357057710
425966
13048658
762438688
405327869
425935
296010123
256217
716607993
253154004
296010140
716608015
13048662
297065186
253154020
60598190
13814982
695656228
49916673
51538555
256157
737353153
13048666
425891
29425610
447658823
321005847
401874611
7621292
716608049
296639301
11794891
357328744
321005871
368268878
256173
217826
645323931
1837513
13048669
368525054
17268247
256177
462838854
368525069
60850441
13048674
323211017
13048678
645323954
425893
357328754
762656550
61008265
462838872
29008643
762656576
256217
425979
333798329
762656607
475773742
29008648
447658838
704813186
462838878
8835612
29008653
685116664
29008657
296383266
61288972
29008662
256046
426025
256178
476667503
786307219
61787227
62172516
357840987
296383275
462582720
29008667
645750000
475517720
368781306
786307236
3804272
704813210
790111540
255959
29008671
217879
29008676
362806990
21735771
645750009
296601162
435094175
256040
255963
14182527
11794932
11794905
29008680
384998256
745616819
256172
29700269
720404258
256181
410762
399336202
399336209
255993
475261557
426012
404955593
362380972
57912378
384742346
29008683
720404286
37041419
754818003
255927
18148905
444671682
774625541
362380993
774625562
772966911
475261571
29008688
59132592
41136401
462212963
10213194
5110008
426012
41534474
62631521
808744295
7705747
20003328
12855352
879282779
734216977
808744324
256280
255995
50072491
444671698
256071
734216998
63124881
484654611
29008691
680439402
425910
362381004
879026525
444671712
444671728
314300049
484654628
255927
773223011
51892092
426042
819010403
819010413
514361366
13048622
53335
11794905
29008695
27543163
426843
1837540
352003653
773223041
773223056
442834193
442834221
426050
314555985
484654634
335041805
256293
362381015
770035244
369921961
256295
879229517
433538256
362381017
803465203
340913301
302096396
63530834
217767
12437854
773223066
1837542
29008676
11794921
57557461
494852989
11794923
340913305
59187683
26339219
302096413
29008699
833566091
351529852
426836
255877
34565623
905568778
29008704
29008708
10340113
420452033
29008710
63935810
29008713
29008718
29008723
302096422
217719
57748279
946388841
256046
45896407
426057
256314
426316833
555637257
29008725
426839
426845
433079140
5
53777607
256287
916334984
402197285
340439720
29008730
29008732
845338635
535713587
29008736
957056819
744058180
426316848
18277540
449460762
449460775
340439728
769247383
18465855
45896389
957056851
957056857
957056909
535713592
217782
892842722
45896393
535713626
256191
769247405
29008738
1837535
29008742
863001707
1837553
5190395
892842760
430949844
29008643
868192136
217848
256040
29892713
30024156
555893463
64396806
369448483
430949855
255914
430949871
14883993
64719767
555893480
65205170
427920685
509121618
868192153
629927447
957056914
22377764
255959
19680553
65372033
427920708
51538555
256225
555893489
336953492
336953492
255897
427920716
555893509
39145877
426010
879794177
13048597
561316107
5190400
65655547
65829890
66059922
17478164
425936
29008695
626887936
354431670
17604154
63124881
933596064
29008747
626887950
17604158
933596093
948486836
948486884
39145855
673560205
561316128
427920739
916459381
673560211
66445739
463072407
58221835
875683238
626887964
30201780
255893
52365012
427920748
66808111
67230893
476501362
561316143
561316163
618814458
489001762
386244692
67585561
618388599
489001776
948060900
618388615
256168
948060935
476245218
425873
386244707
17604163
948060979
964632341
255896
67926310
29008667
577071649
255908
217823
425914
590324843
50072491
426024
256071
419494910
679714
68419314
68823897
54042977
489257692
688974042
463072413
255948
626801523
217853
11794921
256178
626801544
485332823
916459411
425999
916033429
256338
62172516
948099026
217880
948099065
961334865
256340
29008643
17604168
627400103
69011894
17604173
589598119
948099120
476245234
476245233
255897
415253358
916033461
589598148
31986434
4
255837
51772084
659404830
589598164
40733769
17604177
995088841
961334896
17604182
978939111
415253373
415253382
17604186
616771908
616771933
463584669
69492380
457173503
19071702
255839
476210442
589342202
17604191
17604194
554600577
255983
17604196
588916320
425883
5190405
69711721
5190408
442990984
415253398
5190412
256342
695866810
442990990
1208277
672101463
1062311013
70130806
29008738
695866817
916289334
425885
425946
916289364
533512644
29008725
425888
62441540
554174691
701110211
11794899
13048648
632741956
13048624
5190415
25459534
701110226
11794879
554174716
1057530414
648630166
1074105950
256116
554174727
1005505117
11794932
217815
488684175
426071
1048813826
916545503
565969675
1057530442
565969687
5190420
5190423
11794879
255442
5190428
391217299
1074105972
565969708
916545538
562739197
70595463
29008676
987141033
71070421
480509675
5190431
505642545
505642554
255446
1057530450
29008740
5190434
71486440
193548
1145176439
565969719
1062720909
1062720940
582077495
987141055
5190438
0
256061
2
509518428
256054
63124881
22133969
1837553
1954665
49788431
1954669
1954672
9498500
256177
987141087
443247056
619109481
511729296
714297669
1954677
987141122
256317
13048635
445201748
714297681
511729303
425902
445201749
714723610
28519433
8595775
505898884
13048624
714723634
32265891
27792736
1954682
63500522
505898893
37041419
724795177
60850441
549931784
724795205
255438
48750014
47149148
68419314
1954687
894452998
1954691
1078636633
724795209
217846
217802
923610298
71938278
894453028
724795224
724795237
426016
464098820
549931792
256063
26107028
714723660
894027072
999143943
72391151
49882136
724795252
1954696
923610330
1954700
12644882
425871
542699564
999143981
567175352
724991685
11575363
464098843
1954704
14182527
16012086
425979
256071
894027074
27347905
724991715
256159
621064190
6804200
25294913
256233
5190420
923610345
1385259449
621064204
694179913
11794914
5190422
694179943
568557835
5190400
506790451
1954708
694179967
13048639
14182527
506790461
1954713
579967810
5190443
905822020
955671440
256190
5190446
42710632
29008683
542871531
5190450
5190454
5190459
5190403
5190463
256333
45896417
5190466
256336
532563934
507046817
11794910
5190469
5190473
612643624
425872
1392148302
960861938
5190478
553252406
5190482
72865339
29008686
526433324
689426246
767045329
537754426
5190485
553252407
5190489
1837520
573748327
573748346
526433339
897275836
952619069
1054546943
773892850
767045342
5190492
1054546954
1397338841
256196
52590871
1954704
627783505
618260002
627783524
767045363
767045385
29008742
544483423
5190403
779083273
5190496
5190431
544483422
0
5190500
542944925
766619369
5190504
8120300
5190509
5190513
632974063
5190516
5190521
902722561
546107319
17604154
885118426
1410649598
779083279
1410649644
986562491
986562514
542944932
217712
931474108
255879
5190525
694616782
1018643333
1018643374
5190528
931474149
1054802868
771809892
5190531
526433357
632974074
496999037
632974079
5190534
255837
256109
931730288
48662943
542944952
542944958
543778546
872228146
255884
5190539
11794886
747991684
542944964
29008718
255948
1837520
638164636
12841230
749829226
5190395
255950
42350578
29510311
1097153479
749829252
496742941
492123859
913163438
39909178
46051245
56154781
1954700
761223160
528132149
547526088
749829263
217757
947288117
1137062669
638164663
598672913
255450
17604191
426840
994766755
29510316
29510319
255916
29510324
256111
29510329
749829293
426022
677533858
27507932
650173202
1410259333
940926843
760966974
528133037
650173218
1137062686
528133054
667930910
256191
1837540
41136401
528133057
59192586
256280
1410259368
947288159
20101234
994766793
29510333
598672920
677533885
255854
29510335
5190395
29510338
528133072
29510343
967389410
667930920
29510347
29510352
55088388
677533901
256177
29510357
29510362
42633221
426012
846054103
996899785
29510366
5190492
256282
648525224
528133092
1432624627
555385742
5190420
29510371
585394897
875564489
650685598
996899801
256073
1954665
544258914
29510376
29510381
1462135022
578035350
56349656
578035371
29510384
578035390
775531702
648525222
256076
29510387
29510390
29510394
43091498
73237896
73610003
29510398
255917
29510403
74059722
1015232947
74485400
74881780
11794921
670427718
75252860
949367911
29510408
949367943
775531711
29510413
648525253
29510416
29510420
75691399
949367968
729448556
29510425
674620193
58314920
1062608471
256293
29008708
1082333805
543832923
29510430
43523067
775531731
49690856
39145887
425996
1534912246
426073
1090114748
64719767
860519541
758457283
725683628
725683643
1534912304
34884379
45896402
255920
1090114792
256282
648099291
1097492873
425983
45896405
564619795
860519568
13048674
910222014
580731305
1205710243
674620197
256016
76180717
1143389302
860519593
801864384
29510435
29510439
647928488
860519599
29510443
1143389341
1143389338
564619807
1542288811
610241754
1542288839
1076388666
674363887
886147911
1954677
27347905
886147928
256202
29008713
76585269
647454756
1542288882
1542288922
76893655
45896411
30024156
333956
1082759829
255924
255963
256018
561118317
839995195
77361636
1083669374
256338
22003541
891984736
1083015887
647454781
731362778
1542288966
77699833
1083015907
256317
987371641
22027710
22027715
647711110
562665143
632269489
1182865535
29510390
562665150
426846
1182865551
638818162
839995204
734325165
78161899
884303090
17136694
987371675
734325173
1542289012
562665168
45896415
891984758
217815
29510416
647711142
592175608
78624536
255968
638764855
857349735
1207727703
78941004
1082590048
854792678
854792695
638764871
57557461
29008740
256333
1207727739
22027720
891984777
705780921
621184349
753390518
638764874
425873
1065996239
29510447
632269486
79412657
1261806573
29510451
621184367
29510455
10124985
29510458
734325180
621184388
52856198
52899238
825783969
53325
256335
1287140397
921548575
426050
425876
621184393
22027710
79815767
5190482
1082589884
52899243
50072491
52899248
29510462
5190492
1585726865
29510467
29510472
804018623
1146494420
255970
256036
29510477
1837536
29510482
80085149
1526067992
921548585
80539949
16263844
1526068054
256173
40733769
425893
425914
65005265
763515484
5190500
1324718287
217784
80814538
5190405
1203870495
256204
55226652
5190516
661120410
964335486
8595775
2659165
81097186
256111
664035701
775009985
51538555
13048589
638338834
1216919118
1329908838
964335497
29008648
849803196
849803205
1837538
29510487
838825506
1141304031
256115
50309457
1216919145
805198028
40769832
1356542294
860088449
805198039
860088472
1216919169
5190519
1555322385
6113068
849803224
256208
838825517
81527677
931330921
656170813
217713
256124
859832389
1140878154
48416948
81998257
1216919223
978817453
29510439
868553694
923817546
29510491
1185506231
217715
1438540577
804018648
923817560
656170830
82478230
78624536
82904456
1006722035
1006722045
978817462
931330943
425902
256106
1438540615
29510496
425915
716963380
738649076
716963395
29510501
978817481
1207776665
20352648
256184
1526750121
738649093
846550156
860050113
802730947
738649106
846550179
737316047
1526750180
256333
81097186
978817500
978817524
804018660
1954668
1440090619
4
941576238
1208032881
29510506
29510510
29510515
83292975
1527328469
29510518
70595463
912150598
29510521
425946
1526750217
833529203
1556839028
255442
1175057132
62172516
1185506250
29510525
1137437423
987240463
1137437458
1556839049
1137437478
64719767
738649127
912576552
912358863
51759439
696010708
255888
255892
821511150
217716
1403584921
53325
666718105
1403584952
1403584983
987187144
912358869
255935
914427442
914427467
41425912
1137437517
914427478
425976
873117601
13048644
1510686794
912358883
987187155
1526494112
426014
26107028
5190412
83785612
84020219
1526494162
426043
1137863572
426046
1276020586
915279493
1526494205
256124
1137863605
59516851
29510413
792000750
29510515
967124758
987187195
749830253
1363281644
1837515
772799849
217831
956903234
426058
666974056
1275765155
1132753583
5190459
5190482
426843
29510451
5190539
29510324
29510338
967551617
939599435
977024040
1954715
256280
1837522
1480015501
29510425
696484501
1954670
70130806
977024056
11794932
29510327
29510477
956903245
9141685
1954681
51772078
255892
65655547
1274695373
977024064
1837523
46339331
1388698834
977024095
1009730263
29510451
977024116
1432866351
48189785
11575363
256202
29510528
1388698846
823348798
1492375681
255851
1009730285
906815498
948015428
29510533
906815505
25294913
948015442
1352613021
1352613051
1276532934
721054237
1276532964
426845
932110449
1837526
29008704
29510538
1147085837
14489760
20549120
1024220063
823131108
29510491
217713
1373589046
852641602
27541193
721271969
1024220075
29510543
1024220102
1373589075
256106
426010
256015
1954686
1521630238
1305873643
1026440834
852641621
1373589102
425885
29510398
13048678
45708438
1351582116
1373589125
903527713
13048682
29008643
62404851
958484582
1026440851
29008646
29510428
965932576
1351582139
41957971
1026440857
425872
29510401
45896415
426066
84234304
810371640
1147085848
1365492208
1377331658
11794926
29510547
1521630302
29510551
58953138
1410279351
54042977
29510555
84677438
5190495
255952
992759582
29510559
29510432
1449045759
1449045790
1449045808
29510564
1147085897
1410535329
1026440878
1147085910
25777070
217767
751426198
29510568
29510572
1026440895
5190415
992759596
1436312432
873238796
756616612
29510575
8835612
1448828078
785824545
85015155
756616631
46741704
256024
785824554
29510579
18664815
1470880611
3
13048652
1176596513
217771
256112
1040934997
256306
5190489
1025928774
1091572136
785824564
58314920
1040935017
11794895
22844683
52899243
29510584
1054226343
924357642
29510589
1376819477
1054226368
1025928781
904833498
46813939
1441581202
1441581219
85491771
255909
1052729932
924357668
85751185
1176596545
86011269
990325293
924357676
1025928808
86463224
29510413
29510592
86795604
839282509
1462570685
29510596
29510601
1176596572
1462570693
990325297
1125468524
52590871
29510605
1176596589
24534157
1150002700
999025527
256177
953868099
87289491
1176596631
87773357
839282531
11794905
47234088
1462570719
425912
29510610
70931222
1545094270
54573533
256209
1188090182
998343420
4411014
1545094318
953868113
4641623
1101714844
998156362
217762
1379036812
1188090211
1379036826
79815767
855975269
5190478
1150002729
1101714878
928597683
29510324
1150002742
1408773031
256317
1001421955
1001421975
29510615
255877
1188090229
426067
61220565
954124022
217791
29510620
1027666995
885742223
5190419
998343432
1131225228
256191
1364112822
1462996825
217818
13048657
1027449185
29510624
5190491
11794898
998343447
13048593
256193
933788187
13048640
29510629
29510634
13048642
1545094339
998343467
1462996848
1150002694
13048661
54808917
29008717
217767
358852
907014165
985427812
1069506553
1001998656
77361636
1499553028
39482566
1385987256
29510639
256178
29510644
963298838
985684012
5190539
1318756345
985684032
1069506587
5190542
20101234
872420224
74881780
49914376
29008718
29510648
941715364
1144388379
50338651
255839
1101325473
1133738861
256289
48406762
50338656
50338661
1369095040
256191
50338666
50338671
872419890
76585269
1438882710
1369095057
26406760
927290682
50338676
47877169
50338680
1489221418
217770
29008722
67230893
1560661019
29510596
256350
72865339
53286469
927290684
985684055
1560661022
1178740997
256291
50338685
1419505954
50338689
9580867
50338693
1112956693
1469986908
29008740
1837523
50338697
50338702
29008729
985684070
1640008488
53341
1710309838
872419890
50338707
872419919
1419505976
50338710
948683095
1566731370
1132282698
1471824454
1419506002
30347782
30350612
1163295422
985684080
30350617
30350619
1045596809
1045596837
1016034725
1144441667
255932
30350624
30350628
1016034738
1449600715
1449600741
30350631
1229079695
5190408
1132282715
1449600758
30350635
1163295476
1229079729
1132282735
30350637
1132282753
1163295494
44660146
30350642
1045852783
30350645
1705119451
67926310
1229079747
30350650
1016034764
30350655
963468965
7209478
255934
1602363332
890426652
425902
217731
30350660
29008746
1016034786
1602363367
10472200
19503091
1602363365
1566731408
1362520413
890426677
29510434
1466267575
1799220
1218589853
1218589878
1602363401
1045289116
1566731416
29008708
1837349
1037282842
1837354
1837359
30350665
1171911847
1568568806
66059922
217728
953588520
1171911863
11729963
256115
29510600
1362520447
1218589912
1362520485
1163295515
16863761
29008723
1724381378
256112
76824706
828041415
13023717
1075789306
45896402
1218589914
1589205174
1200560016
217848
1464430073
20313984
24534157
1045071276
1837527
1486581598
426017
57557461
1613739352
23222950
1142673795
828467447
1486581616
1486581647
1837363
74485400
34565623
1218589939
1644613596
1142673820
1142673840
1397342236
1837367
1613739383
217791
51538555
1837370
1202397408
426044
1837374
256114
1171873629
1063994411
1171873645
1202397422
1837377
11794898
1954708
1008763389
87289491
1202397448
29510482
1837380
1206007338
58609441
1103254699
425921
830730872
1369860098
1747178353
29510435
45896393
425923
1837383
426046
29008704
1837388
1144200605
1202397459
255948
1565074265
1837393
1054490203
830730896
1565074292
1747178389
1837398
1517551312
1206007350
255959
1054490236
1517551326
82904456
1837403
1349310989
26904706
69711721
1774339088
1837408
45896395
1837412
1206007384
86011269
1563447746
44187339
256086
1144200630
8120300
1202807382
988131085
1349054943
255995
255884
1355013654
255887
426040
20536834
29510333
217802
11794891
73135736
217804
1563447782
42710126
1332325555
701009333
1241023182
425985
1700911598
12437854
988131091
1319276972
1569424538
22027723
5190509
43095415
988131116
88272970
1087487949
1367669329
7354661
1706262515
3194336
1246639717
17604168
1223344243
705693
942234658
1682786481
13048605
88709569
256008
22377764
1223793953
1520505662
1723866712
255900
1367925363
1319276993
29510447
1747379187
7358474
1723866744
7358478
7358481
255903
1754311690
11207645
49690856
256061
1098695611
1193699253
1375283863
1143455726
1224343957
1438507414
217786
1804002587
1235427513
7358484
256102
256012
7358489
425987
7358494
29510644
1375539904
1193699275
1375539916
7358499
1570376477
1811361127
1253086851
1723866779
1723866806
1319020962
256105
708623916
1811361181
7358503
256233
61220565
56992571
7358508
1143455740
7358511
255970
1837415
45896417
1098695622
1811361200
1733062761
425893
1098269668
1570376492
1232214567
1837418
1098269691
426064
1837421
1235427544
425920
87767661
1811361243
1434795985
1241291971
81998257
769844486
29510547
1837425
1837430
1733062788
88961943
45004826
1661175880
1837435
1319446886
1098269720
1668722749
89307828
1837438
34854059
1733062825
26904706
89764232
1354300968
1232214584
1528290177
1670560214
1235853465
1270802539
1233060831
51884560
1098269730
256024
1665369805
46741704
425878
1200801822
5190438
425977
1868573964
50338702
1208484845
29510428
68379299
90077382
7358516
1434027601
1837443
256196
1230312272
1754189150
5190431
11794893
50338706
1069015339
256323
1185463681
425979
929172232
425990
1069015368
29510472
1837448
5190512
1208484874
1436050952
929172253
55389428
1837453
1837458
1837462
45896405
924425881
1914470417
1039504957
15366755
11455944
255934
929172264
1232214597
29510432
90501626
1929837216
1408879748
90917145
256040
1039504972
1230312292
1326448131
2020754396
256235
1039505000
91105845
1874201275
1326448175
1408879761
256237
1210066315
91512727
1346317236
30170810
29008676
1326448188
11794898
1837467
29008707
1215230070
1321825022
91789316
91992516
1647109927
8835612
1837472
1837477
2022591895
28519433
1239074979
1239075011
1837482
92303321
1904814451
256275
929172283
44492425
256277
1262385434
29510515
929172294
1837485
1160817036
1837488
1837490
1837494
1018308930
92670869
1588601078
1160817060
92930069
1336806953
1238818718
256317
2117100321
1858521948
93406370
1837499
1018308958
37504196
50338715
50338720
13048593
1400276358
2117100353
1018308953
1904814473
1018308968
1249336870
50338723
929172301
50338727
50338730
1238818753
1304562167
29510438
1336806981
93730962
1638939820
1697192417
94185292
29510486
1249336887
1249336907
1238818751
50338733
50338736
1697192452
50338739
425966
1904814520
94427959
94875554
1999242511
425970
1697192476
217802
1304562197
1047563194
1400702353
1999242523
1460686956
2117100402
2117100449
1783208021
77698925
1437484473
1452938709
95208155
50338743
255851
1856684494
1460686972
2076941477
82296045
256235
1452938724
29510550
1256753018
29510647
1256753038
912786447
29510362
95670954
1278847572
96147829
1697192503
1400275540
50338748
11794917
50338752
1753953525
1753953570
29510435
1047563210
50338756
1047563215
912786466
50338761
1668409225
255917
1445624006
39603711
50338766
50338771
1388480624
912786477
1047563231
29510653
29008718
1511025769
1398300517
942297134
1388480642
1388480674
1388480696
50338776
50338779
96477800
1511025773
50338782
1668409253
426846
29008721
1388480712
96944648
1495962813
50338786
50338791
2127280269
67230893
1495962842
11207645
97383710
1837488
40769832
1837504
255941
255943
2127280303
1474378054
256270
1421021142
50338794
50338797
256273
1861161011
50338801
50338803
255945
50338807
1343585743
1855703416
50338811
901527289
50338813
901527303
1855703431
50338818
1416270490
50338822
425897
11794937
50338827
1524716862
51772083
1646027258
1561364598
901527311
28783199
1855703455
901527330
1524716880
2043967316
1524716911
52899247
1445053621
1524716933
39145855
29510371
29510372
48649235
1080442546
55796381
1080442563
1530142686
17136270
42710126
1894849322
987202
1646759051
2177619131
50338813
1641213796
1646759065
30350624
1894849373
1641213824
2177619158
1110793204
1343159872
2177619194
1343159884
50338830
1993628524
50338833
50338836
16263844
1343159910
256065
50338840
2234914334
50338842
1720401883
50338845
50338849
217857
1720145891
1993410705
1414961914
255446
1414961927
50338853
964225676
1524716936
39838402
1993410738
1524716948
1208277
50338856
41096000
2244439787
69995419
256040
1817530288
705693
1817530312
2319666500
2319666560
256041
19031369
964481730
964481748
13048616
50338861
1667854541
1414961950
1414961954
1343159933
1618671257
1343159954
256209
50338863
1414961989
2319666606
27200895
91105845
13048618
2166740885
29510428
1414744137
1414744152
1343159977
1161132090
217876
1161132090
1161132114
24534157
77698925
88255302
1238831045
964481754
24775347
1414744147
1208277
2332715267
86387479
217878
1643446640
1687198253
1643446674
2254996215
1763250122
1343160003
11794879
1704057500
256295
29510525
1439868155
1449310140
1439868181
50338868
426073
1760666616
1992984708
5190478
425903
1687198281
1760666587
1449310160
1325218546
1672957219
7358489
5
1760666601
426076
952904942
2255422328
1569416
1297677342
1788019814
57739522
1994554118
425961
88272861
44642243
952904955
29510526
2036293997
256073
952904958
88272866
1711416033
256074
59192586
88272871
34062748
88272876
2289485115
1398971384
1298103309
952904971
1476877928
1398971400
952904996
29510518
1735123045
1924423321
1725687397
88272881
5190513
217784
1398971404
1829199447
13048648
1412020080
42965610
26017458
1735123069
1876292714
1829199484
88272886
1735123113
2377758016
58953138
50338794
1412020108
256340
2377501714
1650119158
45896407
88272891
996963882
88272893
1650119202
1433278498
11794937
88272896
88272901
255883
1789959376
45896417
996963884
255839
255872
1735378975
1442045913
1735378998
217796
996963899
1837535
1788222511
11794934
2465774663
11794886
1886638407
1988308136
47058382
1442045945
88272905
2270648640
11794888
1988308151
1695759758
2270648687
1735379013
1875747487
425985
1988308180
2465774693
1988308206
70127809
70544887
1590977376
29008750
79412657
97851845
1634392063
29510324
6409133
50338680
426007
1954700
1787796540
88272910
98118800
98530199
1696185798
256354
1441619961
50338723
77981100
11794888
1548740416
1441619987
1787796551
425908
98970197
5190534
2379496125
1730188513
29510555
83785612
1837477
88272915
2565412852
1445073420
2085841089
256115
1728351064
1722664997
1787796601
2085841129
995009211
99295092
13048662
1445073442
1642203881
1787796604
1837545
1739562200
995009228
7358511
88272919
1951221790
1512356941
1445073461
995009249
88272922
1642203903
1393188879
7358514
46339331
1393188894
1951221790
2174114055
256323
1976504905
26343397
1795155150
99620986
256326
88272927
1739818549
1639538609
2379752305
255854
88272931
1466273443
1481461843
2174114086
99900324
1834797464
29008708
1481461871
100250927
2760595734
1639538642
1839718907
1954681
2105290178
1954685
88272936
50338725
1468228138
64981523
1468228172
88272939
1894776148
2760595782
88272942
1776188018
1468228192
88272945
28974850
1669985753
1748417654
50338725
88272948
100534090
1805162890
1894776171
1805162924
100939210
88272952
217878
1805162936
1748417676
88272956
1748417700
2848868778
48741366
1837383
14023940
13048665
1796946417
67926310
2007438343
1905171194
426836
425931
50338710
101248184
2849295637
1871459063
2235240692
1905171228
2007182153
1748417719
1871459085
256233
1796946414
53340
88272960
101621033
88272965
59132351
1871459103
59132356
1871459114
2127303160
1898567482
102068400
2153633267
58609441
1748417738
59132358
29425610
1468174872
1962702513
2186435555
1081535562
53340
74838900
426004
79715669
1877801152
59132362
1622782791
2186435597
68808950
2353761663
2184598123
426838
29510326
1962702541
1898567505
1141093948
29510558
2009405262
1825869262
2353761723
53340
4763770
27541193
2209085077
1141093974
25294913
13048662
1825869285
255952
68314611
59132364
59132369
51884560
59132372
13048674
1733146658
59132377
34937437
2951364072
1625029058
2353761770
217836
59132382
1125133911
1837504
1752345626
57912013
2077719899
59132386
425897
29008643
59132390
26690769
1852424561
59132394
2355599314
5190542
29008747
59132399
1853071833
1853071841
59132404
1125133916
29008749
2180837940
59132406
1921557232
1810257653
51124479
255855
89307828
2135407595
256273
2165605119
1853071854
20536834
102438592
1732577389
59132411
59132413
1732577418
2951364109
1700976266
59132415
1980433406
59132419
1869390083
2951364154
59132421
2243598022
2237846216
2237846247
76585269
58953138
1852424564
425935
59132426
59132430
1732577425
59132432
2426093975
2426093997
2323296235
2323296287
2243598053
24775347
2183344226
1852424581
15179642
256054
2323296323
5535017
102893605
2426094049
29510558
1869390119
256318
59132436
59132438
2183600572
256322
1214185706
1732577474
59132443
2249133107
2299359097
2987120
59132445
2283870002
48117311
2331987351
59132449
59132451
59132455
1993962895
1995869122
2391119814
45896410
59132459
255447
1936800354
5190420
59132462
1936800379
2299359123
255449
59132467
1760364200
1853829514
55458517
11794899
1928522584
50338796
2183600578
59132472
77698925
1928522608
1853829534
59132477
1272933736
59132481
1760364218
1272933747
13048632
1853829558
2460126967
59132486
59132491
2367653527
30170810
59132493
2000187827
48741366
1321675129
103324606
5190469
2366515880
59132496
2103512453
1847234192
88272919
1987655117
2988701519
2445616041
1847234225
85491771
9880481
1755173761
97851845
1840780911
59132501
5190471
2363734774
59132506
2445616075
59132511
59132515
1857114709
1853025615
81097186
255916
1974172988
2103512458
1974173009
255935
1853025651
2349244991
59132520
2103512477
59132525
2988701553
1856858807
59132530
2053787852
2073942801
679716
59132534
2983292493
59132537
2349245046
2103512513
2349245037
1974173028
13048682
59132542
59132545
2519939247
85656018
2519939287
255434
1958790071
2485494303
59132462
2488039938
1208277
1853025749
1976468189
59132550
256042
1313810990
1974173046
256067
2517797288
76893305
1857114895
2895019595
2017922570
21411548
255442
2485494345
256213
255445
88272927
2372346370
2015967878
425979
2485494382
59132362
88272919
1853025763
2392229404
13048624
78147402
2267060510
2485494404
59132511
103809840
1567250146
1974428521
1853025775
88272969
1954691
2485494441
2073686765
1954694
2485494475
2073686793
104242927
104645130
2394184161
1961760050
5408978
2071849290
2012781048
2372346401
13048597
2485494506
105132175
2394184185
2534196200
2372346439
1961760062
105494831
59132555
2590626707
2394184200
59475785
59132560
59132564
2035685382
49914376
105825980
426843
1961760106
1961760121
1837508
2649759306
106225964
5190500
705693
2012781068
217813
106585988
1958407207
2649759346
255952
256041
29510462
2478172436
1655267099
28268839
2317347160
1837526
1954695
59132568
1958947475
5190450
2490443365
1685373471
2012611041
59132573
426007
59132578
426071
426848
59132582
1958947492
2130020215
59132587
13048304
13048307
77245954
2550780202
2138309575
13048312
255995
1971881594
2489368814
2319301900
2517588609
8120300
2035467397
2517588648
13048315
2550780215
106948531
13048318
2550780271
255883
5190503
1958947524
5190403
2654693903
59132591
69492380
29510501
1762619447
29510504
13048323
13048327
2194343342
2064977919
107294307
13048331
2429519502
1866501036
2654693929
1813214523
59132382
2159734129
4763770
2450887463
2429519529
56490080
59132385
13048334
8595775
13048338
3031592699
2512777168
79412657
1819109547
52899250
53286469
61220565
2654693949
13048342
1837526
13048343
2512777194
13048346
3044641076
59132430
107760260
1837408
13048351
13048355
1837411
2463219999
108184128
13048327
2210338190
97851845
2512449254
2606499069
2272152992
2339601967
108639847
2429519555
13048330
1817272027
79627508
2620961348
2272153026
2776382240
2253475751
3124268620
2463166698
2463166733
2512449281
53333
3094758188
2006316190
2223965376
2463166747
29008676
52590871
1837367
2239346905
58609441
1817272037
2518379223
105494831
29510390
1740378761
1740378774
45852758
29510472
2518379239
105698411
2264794538
9298665
256036
2726403747
7358503
2429519573
2518379281
29510428
83950609
53334
109052723
2726457107
59132573
53632607
76893305
82904456
2272153085
256039
1837369
2272153099
13048639
18148905
50338845
2796427417
53777556
53777560
109502458
53777562
2516944337
53777564
2726457123
2272153129
3179764215
217782
2272153153
2450887525
53777568
39145887
13048629
29008671
53777573
53777577
5832706
53777581
2536929798
53777586
3179764253
109755565
44492425
83111040
53777591
53777594
2236219339
110210203
2236219355
1773159288
2462093672
2630247123
2236219389
2630247144
53777599
2268857309
2461024776
42018540
53777604
2770523638
2585205517
59132530
5870492
2770523663
2770523689
5870496
2236219416
2770523721
110402995
2585205569
5870499
2268857339
1826936904
29510324
110614590
29008710
3150329520
2298367686
29008695
2491102391
11794905
110950511
15649985
2321276690
5870504
52291318
1942348438
111449616
2478261134
2287803167
2234584717
3214159634
256301
1826936929
5870509
5870514
256148
3193765846
5870519
2624194635
5870521
88272931
88272933
2234584764
3214159664
2265228140
1826936944
2313722428
2478517463
425872
5870526
2298367713
1826936970
2591076115
2678136205
111935286
2624194676
13424707
29510372
2707646616
1826936971
2234584755
5870531
112405861
2298367748
5870534
2234584796
2298367771
112895816
5870537
13048360
113202003
13048364
3214159703
3282038801
2637243041
13048368
2637243087
2284523391
2411569790
2411569822
77103844
2234328466
425946
113488512
13048373
3121775769
13048378
113743676
2707646648
256343
2819287345
2597372629
12841230
2707646679
28595604
2234328503
13048383
2707646706
3121775794
13048387
3295087195
54808917
2411569850
28268839
3804272
20939829
13048390
2411569883
5870540
2411569904
2226707118
426076
2297571815
13048394
1837535
113966308
2411569933
2063702263
3255952236
2933253673
11794909
2063702278
114311972
114649155
3233175849
29510347
13048396
3255952268
2258055026
114904417
13048400
2864475301
2864475341
3370835995
2946302121
255964
29008675
29008736
2258055036
2504308563
2411964808
3370836042
256178
2182997704
3341827334
3157291273
2440578625
3341827391
2490808260
2182997743
29510467
13048405
3370856722
11794917
255925
96944648
2946302146
29008742
13048410
115232107
29008730
2193360914
2063702309
3399865497
21659358
256046
2504308611
2488853601
115647665
48187790
2504308656
13048414
1940252867
3354875817
11794920
2441738311
13048419
3448053327
13048424
2274751928
29008698
2864475387
2274751969
2453371156
13048429
83785612
1954696
3024090428
2504308676
13679006
82296045
426032
2688286915
2782179312
2688286930
16863761
3368554864
2466419618
13048434
115952130
5190469
59625967
3368554930
3140468618
2804233565
2467835190
3140468649
13048438
5190489
96477800
2559000895
255956
3447627337
217716
29510470
3242136988
2265561660
45896415
2467835224
2504308722
2265561693
2063702314
2265561704
256020
2258366037
426036
2504564802
96944552
2688286948
64719767
2804233628
256054
96944557
96944562
256022
2467835246
2059398688
2265561749
60099419
3368981001
50338782
1837472
217853
96944567
3028854257
96944570
116444731
1954699
3030808984
96944573
2688286993
2605115078
2467835305
5190495
2216442703
2467835317
2074868408
29510393
2355310644
2667972497
2018378333
101248184
2706363280
2216442741
7358474
90917145
3030809019
75237661
3318642004
48822312
2270752241
2270752281
96944578
2667972532
217855
2706581178
50338873
29510431
2481765675
13048666
3690475585
116888569
2223801223
96944583
3030809045
60483272
2223801240
3232683164
2804233645
2481765710
2688287005
96944585
66395732
29510501
2510394397
2688287037
2688287073
117114899
3030809086
426024
13048668
3415586642
11794912
255927
2510394430
22003541
29510347
3232683201
29510351
255929
3232683224
2706581201
426037
96944590
96944592
3232683276
2481765720
3415160642
2481765760
2253055680
2253055715
7621292
56136784
3415160688
29510362
2753619718
2481509501
255931
1837377
2753619749
3816248757
256282
3080485612
2469661978
1837379
50338785
1837542
101492319
3414904408
117607640
2378284667
45896411
2753619753
3917741136
3414904445
17059015
53777581
2479554738
2082349510
256322
1837544
45896414
2378284699
2755625585
96944594
3128219433
96944599
2391037384
2547712741
41346113
29510639
96944601
96944605
2479554746
3194336
96944610
96944614
96944618
43688453
78618369
93406370
2547285927
2475229318
93519576
2403683028
102438592
426845
90077382
2531670463
3513686603
2493760429
1954715
3513686672
3030101419
5190412
2685614864
2257897
76585269
96944622
256306
2571917667
118081294
2158934806
2560026034
2571917698
118350240
3888230788
3035291850
96944626
2158934805
118849519
3333701177
426044
96944631
3251086038
48992907
13048331
2568113442
3300078982
2158934826
96944636
2559769937
2750206277
2750206313
2158934850
2797223807
2750206359
2750206372
13048632
13048625
1954672
3387335348
96944641
3346749529
6193843
2797223843
3387335377
255964
2482666519
119154482
2843910014
49015334
3387335406
2531618766
2796967890
2665367253
2685614908
119437435
2806708444
2679180430
2482666531
29510384
2806708481
2531618792
2482666568
119844630
11794929
3346749569
96944645
426059
3401038090
2755017119
2784804710
2796967918
426061
49015339
49015342
3346749617
3910050478
2685614943
8212787
120140514
49015346
255854
3910050511
29510413
49015351
100939210
43069467
10124985
3401464183
120512727
2964050545
2493588356
255908
2265218815
3346749643
30350642
2846239138
3909624565
2759640537
3401464227
425939
255847
3401720101
255983
256054
65809505
3346749681
425999
52364470
255927
2685358803
2658781049
49015356
13048674
49015361
97287406
21726555
3251086126
256071
96147829
2837059130
255845
2685358843
3402551741
2658563378
13048443
3347005638
2904238686
3423702525
2895510594
13048448
3402551769
2627204617
5870499
2619258470
2895510644
3880515183
2963794759
217712
217766
2964012475
256076
2627204638
2619258495
2755017142
256182
2627204689
88272970
2619258534
2658819581
2619258546
2755017184
2619258583
5870502
2619258595
90917145
49015364
2931202644
2931202676
2755017219
3417832098
89722763
29510416
2658819606
255966
2925649710
59132578
217731
256105
3251086160
2927295225
2659075722
13048453
2619258633
256042
13048457
2757578271
116888569
256277
217734
2927295266
13048462
120885256
121318546
121732641