545835
406193
531414
482936
159707
39319
60320
209840
596812
111991
298534
741374
128773
484171
269580
349412
55002
244399
172556
606183
267832
647761
369609
313046
419705
729308
188857
407280
588785
275956
573064
326586
485198
226242
79745
302501
112045
628640
383972
589577
585483
651987
596514
258343
561458
573979
232732
248757
59104
723735
136379
189420
600793
45420
248976
670396
717531
701534
712466
436438
445157
467361
381545
449927
291284
730646
159232
33393
184233
42172
754967
82305
62775
479513
229415
172698
570245
585253
439549
387370
115738
247365
311334
494041
653839
575097
702132
262286
310561
481362
462444
374871
405738
78292
756689
735384
72681
596968
622127
537747
731987
111151
251045
172039
574427
197146
273433
577015
48114
271884
168895
741373
254547
239979
60998
56604
578900
492784
232864
245478
297290
69437
572004
523041
38266
601514
501147
47368
275041
223804
321307
750167
95478
670444
238226
81057
298052
191803
519611
440221
731993
338527
196173
393183
442483
649540
425427
29699
57555
43228
207154
309963
584800
426814
460791
538400
335568
91877
668365
135034
483624
49920
665041
369121
392261
170212
261035
501826
662959
161240
210677
487420
163905
642842
463075
28381
518272
45724
705848
425650
508569
535840
600240
666470
585432
118423
117317
18593
430541
574063
182996
421593
350255
132477
725165
130491
284849
428725
452102
436328
586994
618083
533010
84594
661237
118739
542530
289352
73199
10493
683324
710147
234793
214324
36283
735934
580450
401919
535819
348209
595424
38952
465376
571805
291735
644153
443416
57238
131384
333498
646894
668468
221191
509876
748266
146110
218142
636380
230185
103640
506107
690932
753361
618804
27745
322611
348290
75687
321404
119120
173455
757565
327964
620671
393667
4749
624769
20003
721329
611411
7377
521699
276993
422253
224735
711268
321869
250194
163760
680669
262061
130690
205135
258189
239359
680213
559226
586106
1939
679637
435472
526999
328449
202122
267031
237908
426356
218443
188074
366890
499970
743576
433975
184498
446539
487741
711036
239
74057
669919
374133
611545
258473
205386
575597
54440
395229
426168
137310
44985
647603
52062
617929
750004
553672
211215
164239
415899
592755
453998
160389
697067
625321
135741
635615
304118
390267
23792
746374
15189
396486
256099
625
63525
346513
398515
148616
376190
40547
243305
390978
689643
708858
662968
720117
398341
286614
216799
337472
142203
584816
515764
210195
566921
489230
346836
27730
566162
628600
501485
323898
238223
420133
304444
36512
16069
170493
88707
301827
102739
407045
567534
98663
212506
442864
252690
427942
563411
461389
532393
8238
159238
522089
24441
552715
708904
406936
176557
643233
512996
484640
621076
631725
749204
8459
94403
621770
14410
246488
449938
121478
622048
187199
618916
517967
307726
421885
471436
724644
186321
477574
565779
356377
68430
426202
650488
120318
242282
420061
709670
565236
627588
430632
557507
542691
584241
545838
423766
343672
598998
125919
730014
161598
136182
480882
71680
170502
481252
257209
745980
116894
90627
700550
515320
676140
321616
189389
651501
440003
688900
265972
204471
411018
265833
510759
54172
246353
668299
268595
653078
3071
531474
613417
82077
646759
103183
10780
570627
400776
382917
721324
336132
121493
482688
333630
346633
218438
247986
631479
318239
533902
178450
453027
306629
85156
403807
412121
675069
168478
411451
315045
551098
101850
707531
403659
581906
347953
441891
254291
573575
17682
74192
478909
367513
75829
9329
515795
56921
379283
12543
