17058798696
37380560139
611561564197
435246441008
81778454649
853518221551
79911074352
678472657000
14448014092
902776960474
216433491982
617255013321
960364002485
919136511381
254609566716
674345176824
36807929067
642787672848
381557835197
748163220469
364355631407
749886116888
197605402109
70610386383
280464255177
123956449162
290879806943
557915964586
862497183193
396140688263
671596063279
849160097561
951998481869
9696060664
570626454245
443952996105
898816384808
402557415598
526409833754
855624546130
509990755715
302206587278
524906588832
905891766844
450013095544
389770768439
946016073728
625417745998
285203796499
908202651504
527623420611
254130135817
303875857479
785702127698
113984794224
682441226741
622588860078
701943655907
213607349984
848533755348
376576100477
922023215724
344612867568
388884726181
435127745165
461342419108
78602029347
954682504853
666835952272
806919706112
329963944141
651412953163
493677897804
38385834015
867806853397
875954575264
432837797665
695990110445
726903158860
55441637844
698324471130
660072825172
238749192892
9483649004
780041428095
5600780753
247171897541
331360221184
619344206020
551003553609
143475557176
926564886563
275044767023
816532829181
773736657233
86996884685
942366272291
136322522764
418620717124
320308562949
531450728351
612553605031
69133835996
774897309568
70862927326
499113281849
268280969194
960821254619
816069518355
942758348204
300138907969
861872649520
669040154963
745240892301
583735099637
265144121589
697871666370
678374057089
363487822443
386887031723
11455647799
814902046894
363500040723
326095182288
387087691950
940877480196
309074793147
523959103614
381074791204
745471458689
952023086072
15116808188
872445555252
667430058646
815988990033
854121694263
861474301298
921836664719
90886409965
212773990377
249735701687
347427676024
205492002458
200375676838
67070911084
513696442670
634805461590
329539533883
337310680897
550890503752
466918221427
764116266060
186648168193
301498735630
131238586660
938796797638
57568074400
630133597679
899503657520
841427428406
517513345753
404470581135
808253508633
218045594138
116674415283
350736298787
378257271157
253053993143
454193281956
269348448825
77086356867
598160085573
877844593798
724701188225
319118522587
604499787848
964095799589
616109604843
762418722401
942803213821
322652034755
947737202281
544076499128
700593197981
396993418724
293806240041
413109724486
20141058644
790299019908
584281738802
759889935276
214197328094
10086256
561974955467
808757015011
282687678915
681787341119
55142736009
178334510524
659200354807
204520869843
11533406051
255909386526
746457673748
175859143504
91787046926
664520667669
254817089086
895717165667
125896011091
197365517812
397252991036
856203284774
117397414517
779168555694
418078046403
164125967937
852495208568
678274850020
318518128360
700767667595
517018660585
695129531472
103598502538
145555838727
81535590692
108052586166
153566777771
453282346474
823678531053
97251691238
470596177144
912682889099
37810199416
909534701929
803772980158
211188620709
92036912819
362142991178
725491256665
374684943981
421142065144
430648693631
866137215255
246355451336
446979026360
319070380116
418217572951
700063501092
559484112808
482375114527
387682342552
409667947792
75508431103
305525346208
4125009145
230801539377
793784521857
848586812662
847364187655
272813797345
534802901852
126772163269
845241000911
423225730287
526596568511
276426890693
692345980063
875661419042
148366698644
74429972654
368335740185
295719325036
633106353726
609696245428
589459958245
33199559009
874760972214
900699852548
698257485025
609829968468
675881667279
709421138248
120866304692
408893290238
174702798024
202434878577
219787119863
5858977692
491663432098
425241909933
258623012847
335764084045
392010663183
652492924933
947878298656
81869948376
183426128658
702470484924
692433430929
672968874072
793938812744
264249315895
475864734849
661594747847
348596307851
810035684729
394250727333
535745725443
518608379054
60002635408
216033452196
24467059245
81578454766
951390288547
416543669852
668919453764
3881915718
52933868272
769543574843
41802016868
419952892119
215011824026
669379185120
444894890032
486514058134
957012688082
479397506854
320017249194
497757610914
217301440220
252965607096
556326435619
65922099981
12905760023
808951771721
75237814976
1999405505
732525645892
233179355495
887338651725
151101692409
485605478303
924697739163
908379964286
592427880920
375004613055
785244527134
626953855114
633849173409
886859108183
493346804391
911042163177
650036528795
894499073078
432903950567
221364997075
145422413155
481553263216
307516581435
317260033178
540141738123
230633326762
798196378030
396839234652
25398768709
131188560582
429448152332
152168392452
211163535140
109313687618
206208313093
815503650207
898420321199
527527873871
148140932527
440881354107
270756098022
286513800685
238697568738
879562740794
209932200221
731921708374
304962127590
804782839022
847624343169
271940887240
181027701396
888669800787
622321289610
673876210976
139590395027
647061413286
106692158960
432607227121
606883315731
80810643534
21747051360
783414768863
489797118431
167361024526
168561716551
956147843833
653484955826
763960114854
440482494830
896228996216
744637781755
134886715100
203798434464
181457576932
835241782825
292485585558
382164041307
569603048305
703782093211
116632546185
221839128789
920630772478
172628120962
937595320335
835268320587
148477366577
763573117996
633164894887
256882080523
585475421322
29628787832
133845909394
45023169582
664331372467
481922692646
94864358372
347161652845
225973923424
389044200000
329892853999
584150367085
396245430376
220863090214
470323259588
839267561702
225144856997
619241698246
519302371876
438480390085
61212676325
908845299020
268664362359
384005371596
159321854728
886782958021
629962705364
598813684179
115138177111
711916143546
388482084193
295029113373
326017387917
15878798260
589395873383
648840598278
358393721235
444908361321
204768825012
220495885074
287457163785
659663448190
242567077456
326487517249
873140345810
744063653798
155922316501
684354729111
12662027970
51981611696
355241163753
786462653332
901863290040
856415064228
314685481332
871070587313
153553542355
613827698058
791365306395
83778993776
646652555845
