94556379037
183484593785
890687299560
782684770853
636136503873
291305054419
23430245691
150713561912
681888164251
47524493257
237375244114
41609569519
920641265624
409916163602
122012129269
408239681739
597711373163
921032448366
87517512357
798686476330
635697800937
811854097692
132254289929
728883183654
355081056864
162581397742
785835520565
631170683316
644137977174
45241150914
701754812410
49272404346
737925831753
659943197670
849474165224
670452637081
703340682219
520813690839
180458959402
542677070827
804622062317
421525239763
919174752324
188153298946
968594284592
4800800577
667247406946
763824446702
81560579020
498527464528
868431068758
455211586430
434091143867
411228866763
761406169249
506534041335
760681044450
179705834823
316170507273
643161043006
264335060654
842414427786
84702313200
3181102665
828205989070
153664272061
483634113463
556644939802
869852951203
598305663529
167123101064
925748842514
904491637905
923897262736
221647886836
220016909580
140166253295
24293661602
260508235403
359412225670
815047591749
532754246665
43807284166
964145625929
340333552880
969002018977
129261967341
689996275012
959758219267
359842290376
399998194721
618330629593
265335248540
161279417901
510626437549
396937491110
824181944092
3784726291
213176285314
160383524231
433412218705
72332953651
967880349776
672599376242
664642146565
557423264183
857115851281
645164893928
426145908422
805409332727
774581118213
911515253641
461684202240
141404042151
909321113434
151975905185
476325783652
798773752240
531812073926
263772642378
245592534159
581472066716
251169216583
773700247120
433776930733
456714042710
56706991321
316498829516
901950538722
791386318086
795103646325
331653670725
831017425136
853673586129
251018484434
648603842794
185868735336
624279321860
245830492573
837941572150
648891902942
313146262950
712035745815
111668921176
215796816497
798679257947
45754212131
903376730353
545608608077
371041259121
211043943203
244278689163
125027894226
374645237896
202604849227
666001089079
694588685737
702960471022
326729025731
762818966659
786498499753
207814615385
80586494475
594670775777
775027933142
595890205912
904506084600
811697090415
118169556624
306780334245
266111070813
900370219224
105908462891
54759427900
739125016657
722603120941
587990733228
314067694008
351049376485
687002373713
427945341092
747386053876
475631875629
400824873332
562835115278
558633668857
209901294025
518952321067
819458708863
840191145964
964841609113
586431393707
317405853595
635026153732
74372519186
113608988202
146344265746
849614839296
41698414211
99538413651
502098280443
673319020233
310341677894
354178063959
349796336685
810412724620
524193681303
773877082610
32159038100
559707867509
399806852962
923619806760
524786323455
222411446794
304529678170
370092850970
826123718906
795198220050
770369276129
479711096060
138908248995
940411781205
681590631837
187368709366
418065052766
230150675347
47070320939
200742824141
550936132175
6649590306
507316724547
947765337611
469045969929
667035988749
298030323563
884019837054
148053523238
2813143854
99931016240
970783410654
556250351413
671799396712
292606756248
757133948916
286707897632
462056569527
33902580429
334578476113
934786655190
379136184170
753475023055
648152778253
6872496356
79324240563
419548822668
63394927425
798699294669
686676007483
262338040884
836160329408
619576987176
223489120596
235784350231
634905317802
556924470939
157494671752
274457070485
45275018733
413255584172
931643183435
70479348357
499728516084
931687288053
977176624251
551213369713
166515009388
498908956566
417466592220
849207998521
798573901328
784861247369
969878352517
6172422424
67474971963
49866873434
549506773193
739218398902
557574453066
540726141475
217492282608
190297009762
841454650930
689739580575
900209905590
51573877043
816035586823
261458440703
978677591181
821135141081
836920165991
489709807569
381403451462
430013740443
227592398994
143005331697
558376130455
827959104485
626357272909
479558507188
836716343479
30114617284
536038670504
724800001552
523176554543
626902295577
175951113970
464742056228
207525472976
609521203775
237840387977
248889458609
391975592508
173560300131
841029024487
826098638252
584460368059
795224343249
706435899034
635147357035
130386595384
217703134852
73041804819
902340917215
832014783257
668955979337
54690917800
104828495490
204563850856
178889909319
960404944682
128809075864
207358348048
16436327594
455280821347
122809606691
711444046918
233330854615
159793106175
744518161516
445242562631
263801952786
320993955899
919835209546
344280340309
111040931784
627336411315
632065157139
385727808974
375599881459
352029895022
774990143368
836878533694
116009413313
948553094542
823663223345
931711772967
513410062486
359056410026
842996028890
734277152620
316934017586
782179841487
25256506519
705043376642
524026903890
347012681961
577608772248
845846773867
451846181667
207940167590
950526493221
298247867953
911462917882
415023680918
438418152422
955573711720
315328398996
119956915630
683889006686
668937640474
160893785470
872539033644
575118519474
588649830177
370178031861
574502633533
483322481869
275831591600
431581996206
723147796094
710116837488
602007701108
518667378625
415904889597
202429473300
190742285696
942169968809
143127895273
265389172939
51867269064
424398424280
937523226596
200528030084
958809940193
183718769250
371948700218
187204602854
264395786418
427625875517
831046249023
976720605139
607486553095
702142331351
961628157766
679676251134
584853745110
660839190630
42719184914
340129124699
141341280942
768908759945
769942100762
446399638646
3996005482
694031341180
402005064059
780566051330
62414657113
298432338844
499105520979
830341280094
8423604736
564152147483
254729378681
321282532355
371441794981
122466579599
293498082578
699953493230
846034441896
267717662445
264478624065
614722996946
119655858421
282763066216
429404626080
731682863784
207857568239
799388228263
135506305512
830068123375
13133723756
145766189437
823274959729
185755723458
199155852213
458253444799
694750796520
110430725231
679768382325
931942642075
410848347767
763358786531
242222750707
854441832575
678261646646
520491792659
145684682276
344485344372
248111322879
907583796588
659904216416
14109128858
746160090459
834593860865
688358913409
31342983519
736571704804
594157317400
599920843746
887068546433
613248411369
483748386324
453463953353
575646007528
589143301477
832291186759
162592021772
527059786443
803247342622
11522832867
710546505034
639899853027
420439861057
954387623167
263833904308
560089111322
612277851619
933730914549
166422560469
641417282239
237317328257
469016500657
483038770623
80089260084
851854881270
176296345300
19716769904
695326132425
656534403177
955989558098
344994990013
726205054342
22269545591
400205154797
269897385744
102348697953
121063224668
668210023496
251497002660
957412155431
667385678200
564543479160
468045861475
768722094745
5621333137
237618286176
930027437265
100821717043
135107944103
778950076793
921547187584
182864845463
832628028084
34140062251
580950039612
83733570457
745451666238
809306415582
133704599101
160017700155
364452622946
594910243399
379058479816
522298731653
534700539174
239038212608
589480569749
128844373459
240996628426
597724022709
264299713414
906523766619
952071981787
360761378190
815232995966
906447631047
838151222985
803633898450
413367057055
791441731835
335438575738
722876952832
948201439149
369311220232
843520726895
860390256759
511281116093
779914351486
332688183164
654578519254
47511525983
927497389059
92599919232
736440304418
163440097378
156619202035
838606636428
197772563791
604506055946
108807135151
257922058560
26919633877
333827784139
900179016471
433463511919
459883031995
667134514216
99704396744
546540057496
318056074018
80766864689
804692836229
828222024405
555237007602
345149644117
534593047820
794569912930
18801832412
359254672298
387064748824
838723798628
304235015237
25926048776
110722687476
874451964713
344195288495
866122665619
665404693765
959096501062
377006165445
862155762036
379687670617
903444724145
440958576433
748212801990
453233908352
197522988447
342944145134
88913192171
577755314359
310477049880
610568067890
660215848010
681365253466
920063080096
546760947959
758736211504
508706288097
474077957342
463506044663
855611806361
967335843416
942442380853
775620197992
620638734862
76761893320
37153295313
141539136125
484172960293
804151616368
709780433039
594890564121
489355987654
19420428970
545462502842
87453380946
19805485519
424912250030
544082957653
915142555637
570201698532
618599050179
868100452916
744729510210
757599847383
589532726786
262043169442
718419914093
619948063693
146463026515
431599302453
839012047427
155081090716
671724144821
578778398519
500766066797
705225305709
653760826388
895999324489
335205105232
475740002439
330367736148
283317154061
253939387725
565866240398
31507298540
189635073119
735104982995
799676208979
800606039971
507784827252
42055788708
926570427548
221796980700
473764995262
53928241523
549816279981
833240806248
547253912880
857683353205
953484908274
639465796863
143430640412
777592057676
751837949393
212874672081
611265510637
921881804813
494169189552
464789228907
256046371170
961185344224
262430360726
484034679110
837372183716
735595396163
265916710638
743292029306
635657717564
859160490535
483394903995
935766975147
688238236343
204285044536
634046796888
257831605370
856041990215
25586506763
357411154868
112216058721
712923994155
583236162075
363375971831
805557026602
97207074522
84426138065
106926681841
689221078266
70380912251
204182746049
372385327993
387337776466
885336899046
629934612177
848112184436
353327615322
592022582400
629769343972
596647788612
948273513760
522710953946
822393870198
469806551187
236929154002
224982531557
897052016927
847567985875
433337453335
972444194768
967175748220
82660265415
756872349553
919848554122
520421832925
500869715628
31472973987
629934592319
954383284194
925948604065
438625330936
703810045907
910593455210
258913131624
589365383420
139654363700
541269287562
375869682176
537157966674
586201716079
500359861478
308481102442
673830582171
572821772981
221619777837
346925425909
58314665214
568825092327
90323318680
119558812375
209419290720
874500080647
465565924932
317004553202
325305534788
856208221533
260734368378
283135354071
678642572731
742138944749
751728055221
253309422462
702296806733
823808087455
426950276570
714040669069
658630057633
442150384090
84427538054
475565539980
473098074261
816149244086
509733304141
271527618325
240534661843
900002836295
781624443014
420940024503
788764098973
312813909533
871408199976
529750346863
272547574850
810266837823
908543871314
705819576217
940164211519
659456200078
839148531461
115935094748
724501208155
104315195977
445669440128
318413756314
239228005443
19740669007
941128605360
345779698741
705590007808
372422839755
106475349217
166341132740
931191314645
530367324994
230116221717
741807415439
773587572828
576495771064
730019299550
739203624550
325828594508
16704698535
60332893328
941294777104
814890495111
135382530598
906763542040
296204588972
388084516698
673746920417
268333915759
345487696780
449320522079
875815077407
645737598648
905448346700
85352364830
358222403813
57041479473
957444365107
578730878325
574683281759
237895166270
68040289507
388001113098
27226747776
613068051084
965860125933
334319408645
250258280478
670989051306
469107122640
862724455440
708022712098
63867537896
214735336894
950100221393
638245790846
686679969154
82330443893
132108770505
905639688459
377989980410
952432662641
234112743507
437073140295
764655106842
933254868644
232860766110
684323787667
112013983713
228444406484
12929305504
295838854257
927882584614
582396287823
843583071086
188790998900
11377720532
532073276129
738079969549
756596005625
287093708785
955186252353
772294052495
927383563003
776195156595
209175791924
669176859871
602098968476
919222858329
666547213866
794405389400
157783277995
543502677106
31467254883
798043295568
289567320555
423117404558
317247466187
334329585870
507777648585
455873791156
510031412437
247758912882
29890877198
382293149436
445755782712
375399494381
224308660256
718550013780
768930643461
809588011951
816974870223
297740873355
175665248131
408044408096
451958558089
891287865054
652682795142
746980821599
418040091260
110662597168
635129196894
444254656918
28154007157
262701382710
889542386570
374627117471
888344025773
390629120818
763224129433
803618856015
192381692673
475390730006
665152616313
389922473888
878659507540
564939586686
472668535792
611012142415
421524137644
380268397969
294348352493
882250360177
852170980914
625142698055
614764897326
786968558471
534646167970
110496534643
800308050823
472281145928
820267505345
851621241971
468168742779
645983162676
785316045214
209597327619
793867178026
897574024173
816118553547
757557142754
486305540700
483306396889
286621862847
486956108638
423213755574
845729969111
648996117726
944810179270
786022980085
893672145611
756493846144
833900171280
758887847192
303739707072
723363533406
429045325357
31034012897
715680155478
524937740705
520173349771
153580064212
266274829810
832513775081
203022155168
253514128655
826292551622
344439988700
330228134408
762494685519
856774522048
788875134980
365896478268
373695985780
696773929560
236358415224
340300975831
801122467119
659234634443
613920277012
66784539090
491187014402
492179060508
579140846735
799416128753
13491981934
293675702459
449552165649
632120620533
445648897027
209933851216
77371434630
970632847298
88389854439
417660207720
790921223868
871663663217
297943583819
359204649996
662602501598
428917628488
970913311761
327736600793
973182962013
856945022836
699545073744
406875079695
224506604800
389555875350
185073779880
814867608766
493181412916
212998566143
547424066153
31932617184
470141704582
328652690049
743142816294
862338108121
170952974518
307219732211
869904681293
408397304614
244082412691
976448868267
564264513976
506711015831
690972305641
363867993497
433432771735
668297994436
571085032017
910513000523
815579527995
78439636166
709353883199
198209717803
169736304645
649481854335
171779901354
765704244698
555199188041
593872275668
322417228404
489391732054
509441788701
542261383313
317992339767
729789919792
224786284872
75713510068
849828173790
292984862497
674616353302
45785567913
283297444996
290519978318
404000485260
112248784705
51074676710
897675518411
633568785041
833988976256
200660850317
469068419398
779272113979
168721253046
295052755469
765677416540
373236203577
461084570072
574052949123
100263101574
21474024182
213306851664
183309297290
719534623065
440449566248
385525714108
173919630641
190492809642
222193505244
497539826898
916343200104
495530763251
925174052704
495972921479
657515646531
754921867006
317048856400
671314116837
90808618413
129663337237
55430022631
129936027293
625767599528
668205247647
305883249095
409666747122
625189026769
721897943503
94094918833
427533555675
692470333587
908367423055
880501485975
176196817004
509035444376
22436243572
515880278538
59212107808
511957151916
228184941856
854628209834
819390258337
542872741630
918678828561
977130374969
468875171271
935158089151
131630589865
483311142951
165461105612
433453870860
446248022816
324780409836
571823034729
717480710125
160490241123
632299521255
381431898047
956392566279
653392539920
487501786620
803258254593
466508107600
221205817969
94895672825
38556987830
908934676754
977228125974
391109019175
382339795878
39935351468
323299598776
783291095167
312592036099
142595591654
358560923139
256116459981
649702675295
814700404406
6055429017
265092077401
534977369623
504092430732
855292201780
205123141497
228007312046
791421903622
331712956784
646123995612
551196301762
866796606423
941076944773
379856235250
36699798167
77790766087
81782799969
196426856634
745155454381
218312189641
229217607501
487043920714
759289852544
214374874478
228489255777
496573318180
536405457693
324191292479
385238746150
417660614809
99096781660
676213095366
258827206058
348125802293
474535475733
23469097868
153273784349
346183004792
365864824616
230355391469
676459801229
541415511945
282260986473
323286671218
294453560177
141028557158
876535615008
692836346314
764019660771
115824783558
34211273039
400068263674
311845146932
803476106782
700772685375
969119419473
918088152351
517655921324
885542339985
750573421740
155735540893
195248621920
488845835634
573983882999
646827038315
423541343071
554916737778
476692550983
488608482889
228367774462
404807573954
843950662524
80374391177
326477504303
739289699051
50855891195
940368411333
187544452666
515967643809
385070429742
550536092765
594527470520
835592609046
851689493917
522750749378
331218810312
510501699522
772085215838
949011347679
699736226852
482616470395
850833663762
699113390611
961182345666
98300704227
284891585662
73178596652
627850157633
966429415077
57585529099
966860919488
227466251049
687351507140
226357995927
272697800620
682658883018
83452381177
849131892736
150713442764
600895484315
742391925740
229871908743
219703321973
765091009800
532908642615
293301031644
579996488239
737639082233
86290446821
634587063565
660999444690
605258257128
896831404476
778600963224
650845830852
120533343725
261091683301
464073367865
726400188979
234345191326
348420276575
43387208034
435412693767
872136978647
952851716086
291161123635
918513053977
838116958006
971602880811
540833066876
920973241739
712903798569
827777483217
417135271419
207129951261
309464222377
601023062036
190019345277
315521220176
704407870997
220886878631
768456464208
113158320821
757978201857
91497164776
385480874744
836265815104
481798608736
561737930991
904070846885
812378438253
331950647115
570626024276
229485918868
236328350212
231666664854
46502789228
875001107916
503257103962
168464955769
278302085664
132945040530
353387467334
508715452564
804596217130
335689173769
425354100459
493334269871
881522941779
575013262145
103260080863
505801916591
934685707047
628735645711
693876975017
70481890181
332149783139
902524087407
545866811722
654639602462
838300793441
562019646508
644076655670
450163146664
788140805998
784279060454
569462206470
662004319064
670161776955
1211397574
230467688459
635314045087
575060474540
231220594600
945142304320
182579138488
561352894300
299674436886
235158078556
291657305552
288592044530
557587559346
370138246358
901807511477
501170137381
646701138595
80941019349
130817980647
55531278573
297506797180
670992764752
385553515308
54495266855
823578161602
367922490718
269250948270
864133360682
850690368434
51684982553
41391578324
437774048263
796556636327
421296942266
132886777158
535769008793
715830391177
162377237644
753024315958
452285470414
828787272446
722598335163
549573982594
282219522969
889814014223
782920634248
310368396833
870944684469
57389272485
90742779214
130400118682
562372979902
526451764270
620237742268
459572701100
544434533614
841303293254
201000024957
715337843274
194456108998
974995381815
612815268673
402953124695
680925984577
672943991974
817064826963
786024102062
482022428254
599355228332
790183737464
700140724383
544131967197
907779447533
578974009748
858021822886
818413314240
730248401296
948202253327
913246265572
800775617362
660152143546
656939178720
153577135157
287907052749
332262169490
531677109029
637749221698
229210408976
349491307876
201848239569
196760461105
827444603563
388275193214
638032923015
95313812802
295339028397
573461240297
278564042471
853571476293
190935295527
4262857286
157300331435
104970966711
194571106676
241245071864
667851497235
566106581772
454417335933
363406076559
740734308977
910754801460
334306471158
633399952325
722614499575
50591938659
692777586492
835613837248
333751191833
767494314321
143936969767
672013664532
929599775377
83739855514
374651433592
824700972638
217570811069
443226767122
930885461729
110815920786
802086096427
222981847986
827800548284
300987457775
443139084123
91475837284
640201218035
542699540154
255734640286
838593768444
203933130989
310013941462
154404747094
695007600176
442516357101
430283441870
290495612552
921771424120
405290351721
659437176114
136142903347
892075026245
477040433356
749000668140
816630592077
478004420108
581532544255
926702632183
815265523370
681799051476
589315212183
423835996075
8504575731
594244692600
597804010733
709082940647
362059128277
171434004781
385703989303
782482378117
674975624238
343446264593
255040950701
969155392240
540686197108
626304410913
630434001161
159125897233
757154392727
929469735264
964284363846
300273374024
191123072775
278858199025
820888008271
945621636724
610219272049
538440167947
680457206700
112312677820
558132006132
701202948661
910763558838
735612940706
500986232443
632487735379
376007496696
677767331381
737730796406
382209725978
919252039660
462087488433
141240015071
269665722316
248554493865
793146590780
374538223134
604666617805
961923992321
118669620780
267022225356
76455653173
931829868493
246111135758
942276705559
33100366874
822427082703
936826320015
378271705856
93968026213
414906975452
5401018556
809292346189
779704531858
479490314816
901429842104
395068476008
670029264521
562980575128
477744826403
557777372039
278478553781
642471563317
590847038445
112822809982
91415677473
664880124837
648592702456
283831198249
73982140693
419925906230
342557837531
951431720151
690456176363
362176618134
714134160533
281061732066
684164387501
614365404011
158561393867
746276309404
577478146324
281541819074
515007598870
66060536268
240185300049
361934737765
681736151261
131994279206
657411262954
819103727255
328809866119
210477116451
421599717192
370115181291
386931025052
378285675959
243930747216
197711341577
451539603934
430977220816
906645049354
250667027621
771328377813
86244723776
113137469921
660807239108
549910426759
85595665046
878383789139
395602934220
768367500368
441366698049
715970241142
378558425589
461159325513
864767903214
978585797576
892617189361
449415939769
654998774108
970482542096
434107943735
87444951225
719478554002
293337143417
468577767934
565824618030
365331657174
695694696905
160617302536
248903885446
428707084043
357488610997
826961974731
784757141804
847030817046
844828554917
592545979706
539241954555
740011716073
434312222981
475946684503
492477476603
580815958396
197118570348
206247521315
872719115917
226417758578
638131269760
811264056938
480430551400
869066743196
666294848473
697693722333
126625311462
758702641555
820918440656
812068097429
200504190555
228132109647
410510404323
945611628292
864006388630
852361190767
89910967310
420530512827
858210364667
493185384516
186954262977
336900730207
814495708142
24591779827
137317345183
815179021922
341615267632
343872814433
381023299839
508509356311
284057698597
973844292987
235882736692
77921312579
682503166511
362006911666
628451408228
483458668033
824857453678
587931139370
845049117723
459074900756
879653301150
492658670924
298887047328
66630699164
21819136364
745357301022
406825603488
497941306013
480957781300
198094759841
472671673356
237357719429
655571895846
56976057292
413592207059
617141532553
338546581105
15224294564
8433603239
316587535202
591122012171
306103196303
692694709129
752203614605
155389922332
271498039834
321047602286
772860074998
342822256730
398473854925
372375806082
363567164655
690172524691
214504706082
200256700301
592910493154
433604603009
48430812377
267973264692
56846056895
967489514549
672032887076
653329699279
499942803762
548343173825
961459781784
625665072674
930512409341
317856421686
734184862565
483391369271
377692537357
49639578766
62297465126
160164212479
528285888866
962049911899
758850017702
451956850301
866495579001
575886696417
674665859296
28743501816
149004661864
316835720486
974699596905
202724453961
957239500050
891387045835
323847471067
751613256123
264755464443
171849722082
965615673953
810359376103
211007920791
83200909394
279408146477
711102459531
705878415471
453977759245
627924218044
818626132426
365581768684
455251848525
126441485956
266438509375
196193316625
597617673190
941837099084
490158449434
605970454369
502855783711
545099111371
206993358008
728143860385
155226520779
314351663408
54112682627
322673148379
402816799525
693399400046
791346770879
385207310936
451870150273
678442344517
505750037566
445064764028
5737234354
794635047170
769656036343
298291297399
813289225423
101791353396
914774775548
765862056224
292489921705
760662129705
307937003171
896492110688
589075208395
711010358127
403960411816
923688237428
352299288650
857444431678
960987945775
652042503719
425931213655
618880021021
96999757002
968317831445
94392391673
738507333567
332019623878
3133483181
450278402496
494411685519
869921669812
26998738220
503259447206
489422541741
708430863501
75182914237
793631443708
260390229238
117608607840
500792368718
647884238519
398267311867
896908016640
28668289641
539206458380
573571769925
892349970184
764834643020
882889053031
197084196150
211396819863
297724341570
975997684578
967546844595
580802365595
765677446327
600544543810
661921828932
915658297684
74970374063
637618397194
936813849191
277122768689
973809382623
699329852740
939036525344
777678469763
899819398020
155721441713
747693584793
761720471744
828761308111
464587600704
904196667173
63501237228
561676083250
560988202130
747258029350
92710091416
56582183791
403133822566
131635633797
322377512404
709584206212
952280391497
781945527016
967109918950
778793208522
227460194359
905198930220
821845819185
286175703232
185378123588
421974993676
233884455939
793826697493
829215113056
539175410397
913899901571
924699883380
795402797166
465749174556
1164840493
653630786275
936175553497
961265937917
670812394538
149730263255
428201777375
771364847030
597917578635
898193246258
501141571648
215430585332
740253378004
442379456049
251239235891
562072031912
78295397583
168773281006
951726770315
388137160256
647123160811
393657743830
796648380287
176327065626
266990244047
563827796840
722470102128
644183322917
590150856681
912410402636
901077968273
842728541630
508479896968
259499965311
484238531409
150895927855
217244017892
306818769404
949521767782
218138551289
737694585343
942372510480
725515862594
217129536522
126556314841
294013228885
167024893325
407316096088
295510512156
299095556328
734531603103
673127797622
659641058200
913050952213
787217637365
450631626671
689941883950
76616036310
660768396860
937366447686
393507716640
685562549565
187088433554
823787931585
754921092544
247258292702
18708301232
877086168129
904548878590
908756838435
161650683069
480056744408
555919149760
521043974136
628098769864
296881041813
508693013024
274154106908
161462667525
811409586291
747273061856
918881638315
623696410128
316946706848
791125721552
868125692434
383338911432
141251959658
130355914774
896735410904
683781296894
808396929111
46753853922
384213696048
591573890890
596104205649
613374847255
661270347526
432217541567
92354315488
140668392612
861935397810
512713423988
534405091850
589836484683
194548994793
939591357864
367605924411
787983212910
837251864094
687389227411
488351947316
240748016195
891919458673
458560201254
159647318668
99717542740
782947353187
64128462087
236460515131
567777235312
363373469723
212559108603
755396393774
688316397431
514863439719
474015801802
780501205031
382155821437
572456723367
204651653003
80604356746
321077915523
562652908199
522094968715
424107842166
939939835977
4397712964
144964839705
577921009511
597698584611
833019895927
281480060694
314672697765
850818462463
856008926645
125099869547
492442983257
616430467218
536548127494
603139130516
244791948960
298219490871
61327719554
807340682091
680010074043
91725134616
379840587146
684993131344
25179944000
488379877593
233219649815
563486308743
923195768957
505789991862
133483440555
225587515456
488939148376
100345571848
422671513026
672045278468
168955696594
484757133008
553635668411
530059158621
618809544979
524023518101
667708807576
332809594976
240906195094
602279845069
747066081922
885233538156
775156364757
37262812183
153686800962
332291509685
131081119005
320691379553
262510438111
512109969155
644566095796
40263802788
323922871893
916042301759
534547344633
250684701241
247884117572
274561027115
123252747890
1131955645
467320786321
523165841152
911801645717
127827544569
483368522642
119005826649
662727547424
256216822313
717466422294
395481393331
951329610315
45079437291
630056381433
610869929348
370260651070
633459149023
951996988050
765438683664
827309003210
564467710961
148256501785
505109140474
39416978236
144564005975
231864222167
488884270793
470417651350
880877000755
68538506869
408640058735
430336115215
489016395996
620277408623
602942526387
326654101497
743851151154
377921956831
414265353543
906182288451
679557063418
868686114981
45700387022
822885097544
543570124803
631801889704
554219334747
407469489209
439938153245
35346167668
258807904082
496165941239
921139860288
5255816860
83200978897
13332502336
15315750583
961438325215
766068172335
104865481015
306239273248
739105853687
599300340820
963318093424
758309274433
97708588312
404745279408
878891180897
943330073169
384097218949
703208010921
448632412592
792317827079
35915794398
632345492525
662403941456
544172149860
54087333890
55487938488
36928204883
903461375078
35884537906
430258122920
915222424513
804301852067
878313193949
481835465184
328240557117
555644126389
100604371233
867807050966
797384992939
923382990181
106843645614
604299622107
101283703484
396657969902
396971627012
210215497230
550085087798
494775146493
643825362609
415172685421
823804324364
698620217181
383197075667
869048503623
231369628890
20674441812
896876273627
60427109609
542210070241
393873143556
150110752464
749786747070
291208822551
939862320274
633530826474
433023488426
343550638241
725751855066
513244923358
897558385998
39770033618
47483655280
906766242728
77572735176
15461458658
380311638764
451840671072
858176814576
330979352619
927120940953
935542947120
617849639046
559699278924
632908000162
718992926612
568921890148
508808805022
722696314535
109132667345
460911507602
872788102609
92733791939
543283812159
164436611534
445342418584
241338126452
397410419309
182167204136
424958221300
332266627611
106277454318
908639060637
912033438222
343653155166
51483562859
596446329202
705866788612
814895439753
368490975613
531482321907
843026987512
648720637621
697668830330
926519303127
475847166136
276649641910
468497015377
279204939563
587585699531
370161907165
232726059367
609542888711
463507285788
463493007886
777758070556
843053011421
332020725997
131071358798
806899347970
699314006056
717712194831
769326254537
131881525482
629157727501
472951581795
552554301021
410395793876
844434572197
128818846000
257872075974
514254722516
440213911362
253685374118
377603454369
459444279414
382665864238
846099854148
917223961978
774882026487
666347918978
377139422554
90992016972
682866548053
107381320822
688980061720
146775670867
581336367073
205175387895
465031029844
620444672557
897957561585
544002741262
47224101291
186550976784
336396813599
381682029415
540523421082
647815936928
191006546031
592137639652
718334792776
664590416475
504175893906
633868620983
415741577405
521126305404
432065727157
547348238380
466943782191
4841062672
817366122468
802639111940
817156789361
552048190104
543515823102
224602101922
718893060730
179554268638
68134615007
792916913152
766766429260
917167704264
117385384062
952247605939
9949662249
840161398680
337667407871
304039930245
445390673524
112711347028
471225971240
815339335556
365794517367
770420807639
387223334812
873204743307
109654118567
133728935080
707418433158
619471024888
974560461828
224099108711
365577419782
647227256447
705594009195
598509078952
313216917714
844067129694
375890969952
899800354198
185607255121
905136317946
219592593765
886475437618
241761717450
359710651694
942968846220
63062911594
658058802547
476199923648
797591446636
705938724217
676857656259
413215758953
508795470375
363112624964
529769013383
892201442273
283287754292
260622637341
85351213066
353804971855
453611468506
763542195019
207338648912
377754375169
956163236166
820822784670
766969576600
597479084208
640158235394
772926500008
144380935073
348516180786
748702331477
634486850168
13359529074
605800459960
798147371346
343669001850
102150763338
728376685506
625299119521
566389220686
899862698389
200400432505
299363808121
699488786243
645124582188
69249264405
947199881061
871439406823
32161709001
253602109524
88673257886
609057519475
16920743646
763758518142
791491317261
52540842495
62005423449
940769811016
284418458883
180076514180
832524806200
725959837829
346368756524
241854355020
469425406664
777143395953
959688001379
791959449753
563914198998
738619819208
794657119337
796749626300
543515803244
804462155772
976113595724
973310112787
238391139678
902321774103
174303595
771783672108
936065361455
146753161824
686959520149
79640796941
650289975645
803508654044
154134370495
921363590445
765774403012
969769768973
619331164994
339292020638
428928431240
628387932131
284149085113
566952810584
333463548703
103201122461
636906795693
444246237126
607892748485
248486370996
70551303820
649848998968
324186735068
394088851081
867074489346
158010622308
203229532262
846917874671
602465805310
642580236222
118947384555
568384850396
357829056549
408748483415
243559313255
864463172275
522817273678
824396053048
174410073596
265511448574
955778219333
820071209015
895680166713
430171432821
410994731014
443637579497
175604641515
212815346306
952479487805
940921387130
37460667366
468132928876
721020785856
448217291031
212834648282
12342293095
630487617761
797079398177
902339467581
366579901267
80608516997
316219089870
278623775335
406602915876
569282263203
74872047176
367379602785
366987864019
273630501093
80913565664
257362231753
10350297399
315130047363
402640529988
323983359361
728288406767
72890884019
269585168339
316356924248
246909606080
754571959117
183226578791
894658184672
299497412745
757102017252
664591965399
464287377531
302413242317
543783568516
240595387607
132601804929
32676706373
333576510936
801862832933
360454512516
208800038848
809142388502
764689083880
948978423115
472758532248
266896712867
100791205226
257668005237
628676002208
280996468749
663476045089
372168756645
3703427639
892885063852
802349433365
113019563046
914615077512
580186300932
822936410616
903789498741
669024558940
223010562654
263130077214
563062836893
473164886502
800926369369
244709369467
55576763322
586560857938
266626932008
332051664761
666151096411
443961175536
169766687385
709560982281
117663823009
141399842184
530836092942
84595695598
743177835877
622885588130
282321235645
62968784674
162544501578
941565650153
819434501961
527046501441
408716631183
27138965487
631521276306
865155829244
364576229067
819487780975
590479317930
528186678298
864500187587
626531437498
314014603645
715449167222
782176227331
309125812270
287088863433
242746088439
561064208625
322804201250
40985303502
404614554194
518763938150
754453823875
866683773267
11818012108
967280628247
94559596033
754049117835
876062766241
450657531432
70152257310
412827614485
864598117314
117453338138
285770550387
125854741630
716123971849
799231389779
369502224405
41226161184
910546749194
819465132926
191896263863
114183529787
553344123184
258879462385
69176832350
946773519872
253880310175
972206087419
822285385944
26451143941
363499438946
786263132808
496165673156
104890293586
939954808909
349184303196
45758163873
678925906675
127660816801
808536193265
31808038021
307309470513
920041613598
721109729838
193372438080
556625349885
788944558548
300334248723
723443710081
31008276929
51923755145
757004613762
973160145171
909608389191
448412485242
2631294219
544157524443
942623019150
396752285473
247997050018
299987319534
857541725949
546320845034
256596388125
846743710082
102837452978
972823840012
276321369312
881560989707
197576297248
823425523085
474413061092
884393683762
418458598610
691896268594
314661358847
888881164815
312867744571
705539300405
473042908737
584739005586
473605217794
751989714158
195433827557
360036779628
206358547393
498423736265
359752254204
696938135362
108597146730
872997594580
535770518001
700500739994
325510648070
976517567018
651686400134
351865987090
919523657384
905161497890
305961340680
501864581570
644120581566
195770688740
826075602972
200588894854
540599268713
285650945653
197972543780
409390929431
102334390264
158996085487
585991489362
357298450789
296952848341
840413376842
911345428025
297127380303
245310004464
757895761370
759399250266
959776240402
121367379725
522874593795
936860624710
575762176828
356343787368
615780326227
33734839903
47170603839
66881148260
413245198438
684723588781
175339179771
45789738093
118459513211
49937160825
949188292388
975952855143
670589915435
796034986525
476384136385
692614006217
780910398979
531775664283
544906180972
768463265573
158381321523
622659931747
5067563020
853504723626
81065975814
57855389390
657701547198
229294269310
490117502238
727514192992
228369085090
107669946923
829941617986
741958147588
19142754556
292361331226
879243719971
701902943161
915248964730
389355815929
109003093895
665931993168
775308536611
613553608971
749791671854
569654551058
919050361812
515515268640
599790654698
535935825922
428166440064
599369625382
126112240316
790542879323
561749607495
377593167925
216324731498
79357701293
85031707775
472038252801
627678088063
61007489446
638142400169
390140614018
709335842206
869859077396
409754241470
269418043411
553544401043
219588632094
422981585767
346991473617
717180228798
857119713662
79330863206
99720084564
423577216548
948149589911
578323352449
190765668491
597337039934
159638342852
908588730536
32604711194
941959930743
421127781893
199938833295
197254925305
947146602047
240125249457
822291432705
157501413543
88766560699
110723233571
263090460504
250478068822
869470158466
879733418251
346587939199
402209204299
512070958114
689182424669
116424227075
675030690472
134236515489
170626082051
617992954232
62957058525
393083093026
740914172812
429345975477
441422965692
103766449934
753655840074
163458535531
394577050082
143386565581
544752529697
37828904189
471587595349
374775168790
551000213941
240105391457
469505543623
551427260231
343528605790
104569477667
237056572859
141324431429
456787497452
647914502111
877462646022
264710217990
176624667543
800163335648
696386956714
276732966078
533661965774
662563867859
398039411530
593561378820
759852250962
332614639061
47647682360
715749102454
581675660861
35222333180
921299657614
855252952443
606638606566
476116927137
708429235145
146133314212
459416120770
138265852624
235791151596
944503770330
589432493531
544597885522
392732351101
33379610070
639940561927
676954771808
427677704897
222631245067
564936449122
837289077986
592219563831
67376853585
658870806096
383314466234
459848796803
646544796561
748279971675
933340933216
409312371183
956566532288
28681187412
868767711503
525887082182
671224835269
335373987593
156552499013
8962431708
827755182683
77825239575
725481617473
537638311836
133019845616
153009196357
613449692057
475712816837
143328312138
565856420617
946631416024
651244023468
303284601428
122588428287
296632111854
13925164346
607544310088
275417443081
585258381647
386235726969
300011149134
193728650884
835929331223
558587419575
137122369410
820239694216
701607188038
382928238063
512429941109
792319941956
435114515968
390208478733
930515030597
755984428870
558377173
416452315083
660306469993
494339044955
366882189672
680715708215
282093782113
316104231198
207086561531
377615111015
553096722291
469151207400
441432209591
123932070212
603975023239
811736647551
749569917568
937645631308
937534128638
564319212837
830175644516
970993121063
214376899994
843499617841
43769305741
761273200081
87882452752
466740704354
206909775686
221778890062
495952547171
292406915265
535719572302
359888470155
225956288445
590365174146
560810393598
43251309811
685848147321
712593537177
911328260784
865209892649
505387380841
630733668310
487215384615
717335865873
898267832906
492726366846
599936025187
127390231693
391027273718
149894151329
914255131404
553185894640
58231648845
778332860366
437374108143
765893878669
920318662485
257521145398
86973333654
233892796299
726743017491
540841665390
827755222399
544833490763
177607181809
15739897605
240721614984
745904061265
465676732572
925611474799
188742009214
936094205200
962454717229
761264849792
883272014561
153761000379
239887698132
319781188123
893006545167
602100070595
324363461339
280441159637
131399035656
163507981951
229972757596
326195808644
175505828107
159602479304
677053605074
694470034187
783783216123
408671245724
905212612382
518691158580
627408049050
787624170341
356881343428
558558397108
143705584351
359879176611
292255815743
373302638516
455573538196
368928357992
723080050527
22779508960
17989818934
950136492030
868314105138
727406562632
785960576320
220810117532
399937081726
832033628499
437220288075
900151652147
846521171405
639173755186
453813752023
854397013069
801130728047
283230414317
833305424180
2389056406
141629102794
251542467551
858691275782
745955195615
485985558817
37972139943
507417801767
909617176356
542863467944
43666699455
119781112756
757843197244
181521412047
937609598967
764792663208
486871126327
710622868973
673310123849
863500833737
196241114831
363949838244
74642200755
468887711598
502071174273
184710656492
395699315023
301884950014
710268433460
567420972863
554054711927
89485668524
334372717446
680272080495
591676467389
379804912249
37942859322
677437122628
932914393305
589287013823
365475518455
292828441031
145421394983
805338826898
302735150426
509118143017
856502646170
609179368163
942747985544
566839461120
945253936067
565624101875
965230895416
711280992880
203889890194
842636122498
780024156297
399439410459
722756464417
281438696480
392467127653
7495114159
847303378025
282452576457
687722921243
168459524606
558665888462
132581400834
320453877873
746792210315
751603337052
585814107777
363729384657
192226194604
970990638813
633008660364
114352163923
169972465910
403852265148
225070949302
828043361979
879235528546
404973457757
529622928006
463353406146
529158995481
217613783781
394039523809
54552021019
660999653199
29631501931
396536935392
777414408008
459480222394
798455309352
324112863308
448370892661
643363425813
423176621114
676997526082
906617724746
296360573562
143251997844
262522710355
251888562704
399031169695
301245631633
373612542464
96041519141
318198505523
7367556296
501591911372
169318422822
206506827079
730565910858
161670421921
172957867985
868437105590
565069597012
890217439422
189367863871
32193372582
915088025569
587509057580
330272387961
903380870746
682338742271
612273711226
99423296825
447646155093
310470824397
482822487216
754453645153
94667494476
716986504079
817243350383
185004366241
810962900439
246014049996
801048754223
97536240730
855180877832
929017161515
610515900924
379279817084
322107384030
764715495020
767868220603
520181243326
27482826615
54081406277
920350584220
897137892848
48074510212
755806054385
558391371470
375033511441
509021265764
334354487802
334228915739
802990926197
972892757201
667814015260
788927093437
468084018622
668073767829
86691220977
13694970410
919390241411
384932893234
696287239767
599061816453
954978547602
573173636883
483493121663
165138105313
175956098328
104699110691
536163239738
960499806348
563969731895
266275534769
611305842235
479593169327
470365504242
901399280642
273601726851
384488550626
605904565525
221321173091
560151266862
596937973566
557267577463
548171610634
830876026247
411085482074
861413043049
214999656803
246660507328
373207369761
734419613912
177710969646
677672390283
816502686699
68491393764
696672504825
575238948315
178886493743
527371815197
193129852752
357598753394
237712790398
605186450600
64951476897
972776121238
694813349220
431596979067
151450780233
296981136062
685861730193
875746855248
470742756597
274024503671
978277104966
51221655697
938017373068
185423280680
909665262503
754386902415
235704163627
902156843484
525954877394
922012718678
551162801316
279446363198
400377293870
763167653281
312721321608
675423799440
584769517403
370662517416
620875859240
968808333974
303485445240
288629536434
775705210090
610098724060
945655365537
445397464960
554150288481
389385980231
454386893619
825672654365
466998600200
636919743109
546072620034
277802756254
964138179179
527611997707
691917179068
686961793890
106258718295
464848733404
675644133879
726413980360
313539719433
523242989482
39754881964
539829701710
280863608800
890949663456
297955319897
571681318112
131367024560
173488394313
113321255711
926884670469
717620401226
342667106176
899845441787
340317299107
726180400635
690179842364
343193283602
945400428533
550713851652
207209154894
234960977977
952736887201
367072220803
915473290627
851686028696
299437123857
710478461597
330981715721
264766763645
607290723428
933453647224
534500072664
763424109422
457688951362
455923942535
617596052386
129432378768
306110553692
485322470410
248164730970
912799222276
900031650253
569891288205
409733946594
322455514628
210032307180
588258260204
529791621716
391633876044
360194293284
806676511423
239546984497
793897064316
541466308709
542043550982
340430658500
168002105505
718020907299
619830395114
474998355784
56936390937
532737625519
135128010612
217075622052
507548219182
625520357499
254152017260
300469471774
26743632423
641428889240
798737302881
396650314643
920183310357
20064255117
936028703587
775131224529
278509909563
361631694756
962750770222
550776861086
974169110293
973454877607
533459453890
872256603239
654252510468
255080785849
724198760886
729824552144
314505294825
331892840477
201296018376
184456732246
253523223619
495264795128
115378385647
622898336966
449268603338
15939162706
4049691585
58691778563
732429474939
762732018406
383128744289
540233494282
121626844353
34659259590
59095491703
197963687112
636055791032
835204980886
98671969395
516477885190
916698985961
802264858143
7313304240
517687267177
587782442666
947479551204
636127786211
950941505563
543577462334
454056486286
878503195293
779616848859
518263317970
528461046355
920088101176
370853958465
295302310955
949070653596
919026770508
53081416971
913749745304
517265532902
29242602859
329924614807
304257623570
193041484652
144997952920
825636909965
948382176736
777858204521
647540059663
705237399231
333903641699
194487395277
19336568636
907767056141
465366987488
520860694725
3186166455
191539018443
126479404807
332571725923
182297929350
618137907703
134524655069
99018848939
950503537373
557422847165
7819772601
632485203484
656003380399
116964463965
135000988915
577282167722
614225315750
269889631195
140872671858
799602833669
842858412950
587938715197
818312098014
642623705384
66932659912
970917184071
17120862641
494149013824
353600245804
473909621076
721746436892
832057130442
143784589404
632432172695
153696630672
309418747557
1202034527
234686897861
428504423224
501150815547
631514752953
580750526286
852986727696
137699581896
749135593321
488307922130
420440307862
480282639087
812305688470
71007650589
829590677481
429605023087
196557611635
67471238659
595173788846
799215751604
105018516692
324715702543
716173666494
483989015639
51767423040
64926009012
253060393213
474695650361
518379149684
389950702035
99248288271
382429554038
417690779111
588836366300
534490699688
544709209470
675950056298
639842830780
855597796542
966075863245
729552110313
195271925283
336675441197
343644586439
309301128623
332331454052
544512039388
729127417196
868937934279
275411594900
584327716619
362373947080
411883028999
86863568559
162870142991
782685773682
746168341458
615879814807
664228216484
598403920913
916608552629
841613564575
413914879701
331714763862
944633820372
206640719644
13595928635
918897822585
65471230260
201083537776
14780130678
342521646326
907068769429
383323928571
661012630402
791372844433
629627895438
848896774016
586382523169
635598620156
130225209418
322324541189
685765240171
109452986814
911642344841
510450922616
206614675877
186022485901
418776584764
463390550535
310760373895
444319205347
270686175291
35387333302
495726364551
344966434209
974047767984
944861909360
962256415241
117149381661
462523411249
533700927170
535885049016
806471815159
728988867930
576275635205
655951183646
137487716894
265675793382
436186252228
598041681206
2026091882
262590972230
523296864236
11041375657
719405635426
36857530261
468744614850
587672042115
528129467400
156931866245
611040112408
876918497106
481580617541
712300582032
603471315140
657397958094
343892871013
549279180655
266376750995
23053777727
939299743134
916190045279
806642315947
747286217781
491257133000
603468525091
512549853642
875473152434
719433287691
1449842509
309093016783
735205742487
619413724629
94924715150
538675296596
583387648828
477018271828
142050757637
874098750467
725784025026
807391061837
799647087222
42442155885
68921657050
500133371059
593015849773
745946577243
432148296721
757573644752
706273589671
642264374874
175583204804
792475866972
262987794644
44312680195
212799251397
261865976508
601833794673
664584339927
531353582493
77705475977
750741261556
56049532657
4776623462
824221799098
332301925206
197401090114
600242185902
308215948497
499051298710
946415321268
945011867047
452155450159
452967433850
754278070646
138564834672
148358978994
408621640440
90466415428
537195875596
552302918599
131397387442
204698428522
403681764360
612256047535
458556557311
206864559020
889882812264
488820337962
595080952696
613742190468
382448012049
662421088839
240378697111
905468194771
362353294760
393777457783
498215743573
402932502162
305658367174
162090944858
551658883943
730234828353
570069702406
393192053872
204735116177
375608837417
591257185577
754133673199
883654449854
691129253344
454033659515
174851487149
241168688067
182701324762
296922634394
598315890399
635992771669
4917287605
276071823755
476219692287
694434399006
269133875431
844929761214
147429803316
464554993868
808111480290
363607118951
737703998035
433007750961
765102358647
236656056857
286192602390
476530072827
489989894730
440624356364
863791038549
525577535678
247246636056
776148023632
847609578456
723824854604
596518473316
251633953357
670232362216
344261217055
944400369724
585862769806
834235493468
934593277986
74461661748
73582289934
77731966549
820034382354
60700325902
661262980208
919557981937
937589274304
645188971753
376851004962
651347374429
4393572571
855900531752
456847140955
194844054886
855123706650
673596585428
442420601825
392104053910
741871656069
369299186284
880027942178
497988518408
711435607268
563055191563
148447952763
460539348824
548854844982
1882677406
344999686430
651177360162
474260402717
99478204195
23525961251
690225694486
233068520506
744952029029
309416890834
827441277348
976827917771
70876865801
286834452666
245267200545
503750336966
978845480642
436042599456
122701311088
304159386044
44135884421
942287051577
30751949865
413532474195
454546780306
717406053974
902858287618
219481657048
692280987557
746435143617
61424090428
622288259490
135625284719
757960736746
165557933220
749616305856
193755925847
464508764444
777259694330
365136542395
477331154476
307615174494
695601145867
222076273541
498426983048
203407122356
580696313946
908920110911
491281697346
911018833428
701281516838
935683511973
252975420831
628754580314
392073244223
496262967427
452851542562
781083372088
631909321484
410986916891
724235756340
434540699200
312278994587
528676098566
58863252393
457003969510
258479432904
799459131252
956523440428
945941201589
191603517227
178056647781
936307956712
394577218875
827966114359
394093944658
385800578615
586834987699
504119765269
721941789967
199244329532
357303643656
645044812602
797410808339
351621495394
537237666757
335355509724
19636444294
476604480753
364576586511
596162439234
10400448778
790181771522
252327285498
668085345043
83766276583
957939047745
902068485313
730559864097
84962979237
627799748100
260225556773
141608986640
2566894725
877198087817
268970692316
959034216445
429647380201
9742960327
70695850202
732678950993
555160028065
866145204449
745685831774
832564720780
581872602576
150550835531
357902749587
460861455513
742588261786
32631569139
291626158279
307138949867
537218682509
424157318373
65703360351
149848924734
913423091133
794992570602
236489626959
914519828615
537058646887
930045617264
234833986067
751293443033
484177527633
970053936953
45819942111
189938940235
25955130817
881872819881
807553043543
932892033197
802705328441
92191787687
725753612499
384119876927
843941041323
117091108360
716488286717
714985790721
29305443500
188452181704
86488083566
815835765698
820699526064
452374037094
831005222395
350619222418
359573889648
314908263290
347026056324
755783704206
279411204609
79440618372
358113810340
31218404356
202274680190
328498095519
877829780726
128803505695
796621532271
473561818135
959796872864
429707927243
517929236907
450581892310
150424459219
372519627647
541157516809
171673462474
135708886899
47818381728
684564049609
707867968633
457632614216
23819095118
283780858219
277044488453
426986755716
520959329411
181172665851
568553007940
808892485501
22900434251
713022608983
440621735108
670608949328
284788592145
41360649489
974428465702
438668293719
314439574774
694970664296
665779334793
887203471614
172892515307
688288864314
468643855358
466673961616
140352074530
581967930905
557567363760
67795003491
754393832857
688136891040
919024635773
275106278150
215093694362
925732112149
282690634161
31835918653
547156221449
862781706054
597774869118
753960173853
534657218947
386590569571
661523129937
714441085781
491599802648
549761690339
482230589739
333015572081
409029245748
321952729926
588112701064
442897898784
856690036187
716332828364
258162439650
380857326675
739005123982
278237457803
35229005468
713097304850
21295173105
732058299132
925653246102
548784150502
460802566614
282740547244
418096478051
839964715119
533028843089
224889347892
221221932736
12118046630
428403038205
570063228698
763220942224
489973492022
465609900473
163380721958
51377024689
826346297299
465982962790
477428984913
385918078401
807283520838
951837836109
58269657057
890007699226
942229254868
378129413357
709983510876
354881622970
864042053598
845897798998
745508877136
796787018914
67865956125
24020475096
400916388925
425541788346
260621435932
32776324030
132754949825
563718756562
239577148799
383890904258
59954290629
283918662810
298419957381
802869534243
321449409058
635845276374
379938040281
829171256663
830190945105
506606205307
72419613963
673244046354
737353097246
484153370376
727204964216
50219114638
648420285371
827118465700
95926511534
75492967120
288014673180
67915958569
374474369735
78367879283
296335919855
970123022935
870765753960
960228496423
905320471109
53146263270
769616548710
894028745646
217683604509
155573857057
742152726201
144749469766
684952174219
799095213544
785771577805
110339696159
620395434646
316846076433
225611086902
137951272117
764551795597
898589840305
818799214754
51041305341
617239690647
785847862312
132948138378
680789887774
143592423538
183750005884
702161772333
251410362206
282447899898
794019856259
455772128125
163161479709
366368244774
585505921546
309609066629
325921222149
105276005449
355204792062
461394335014
925517139370
196580646915
967480091928
238290261038
691829337205
102294078524
957877696454
83909889639
238307607001
912520267021
152934192691
65771562652
635526356894
427586606322
685425708087
751130984735
93298186086
172684085739
317857077000
729468726571
132336382901
306658366409
26994498537
440337021033
604762859602
559944118135
215542763174
856424792881
522542985053
178932564303
873396224072
389156749408
644918386645
609757583478
59788694767
4416538348
976712254850
458831650185
733891311680
271131391651
959573867524
72491867296
695859975039
145006889020
369814014863
184119533477
378773845173
640596253229
785522379763
971846220743
940993908546
249736392380
393455936905
155735511106
677462391933
674672193998
854221170479
834835681660
294458415458
319904109143
56355822449
541576530538
673838018992
115470427477
892114156434
797576523349
657278373218
481780299660
631860520449
665892624683
819771899310
405697073348
699554297785
483765374843
668456630069
440312476545
883346442345
409700495793
236987973398
803809790685
184952943950
465306073073
731492802866
500046859682
568239291256
302517159231
755745040680
233246051026
845816212405
585857179779
707053592053
930206625928
514557318720
94753459758
541369143515
493910201516
904085442515
800465594266
126156414437
754329780878
512572064815
843587787361
919310988133
428392453891
92701393612
707924554004
446623716318
166463696316
807483133454
892537777219
827011967246
217899222673
953044745775
133803859314
269463319651
157015796082
677016152886
315413133082
155601042659
226410560053
272672024936
277744204941
258708792804
623559528934
262193017910
871899834411
8806834349
502589964523
254482365019
823491650225
809065001876
919287625196
166933645815
82316851092
590294569027
128113013248
344092821215
833729849214
289269152685
672835060915
1217285471
471722560246
255274123337
704537752246
13008747433
183023898114
372652140081
968228748457
302307478609
821935090824
174857404833
193522038323
302053415357
541755113532
531341469113
119201318730
956422025622
453707124492
841736227441
901665457274
229598801669
300394547540
7837962529
564431281460
650144813665
460407521491
374368069861
868060022028
46817379664
782399143310
78215250695
411619265114
308697922015
264278703650
834148128197
190796388817
274097978271
530233998382
791103272083
159291205154
153594004528
314227789204
467534855561
49202126884
770221631899
797466112869
911189234926
374174444432
418777815960
877015930383
747962928776
29340234716
670926587967
704455798280
315588111849
301060356493
827069605091
874561968104
394929043061
610882221450
72232075011
700991441103
191098190701
166536426241
265894767548
31818046453
474471284748
326878199027
849999419253
229106303411
189026643857
758784883462
91130744960
598608627106
856667705866
356534275233
191907513420
292037506820
329501053596
416000903027
621196744662
731662707914
693679785077
644122944668
245940227881
401711384097
841183519727
139114116881
419339568993
53137704472
159188976170
32922607987
323174473518
362348707562
327946043119
550391794608
30382074757
374343267219
445390653666
771852539652
431910358165
724096551760
24350932074
135379224241
199024213531
218393567725
858475468967
6982102587
752752926601
812235887600
491664827669
751489610286
843464995418
396440226932
97956098424
109617798285
287763390048
330588328741
707279834247
787777603178
693981805399
640164728960
893317918607
420650911881
331503574032
586856702422
700793228476
837436841364
45841051165
107902533748
25663684880
607903739888
140446409959
564228074546
663650040885
569228090579
708276219326
36850440955
212096923582
283310104471
68553618807
723745571539
276206739007
540251833145
612861706606
434342000052
887805715109
81571292411
1732411920
380090589437
784163665616
534908204209
321939425066
688254668838
37460856017
280014411217
916495828692
519694484030
376779248079
749960375493
219853577530
61751985724
731976533817
544219779273
390754067354
795697023223
341517715207
772210053155
649055721513
728227363275
440842863867
670970106774
630277718701
77500432198
231532861650
369799727032
578950398586
941333271837
657519796853
727569745747
75353236303
718877402697
455684782712
846860455264
33727174715
168123100299
557107710634
191505885370
143424464574
237788191224
178780739964
546079441257
85600967132
311984371370
760270202288
618103771801
220466454984
872623807446
938422585487
270833064917
238331466388
899287551135
492436370543
760364924948
396805832570
700096997067
387587073798
365314738158
78436071655
770023846219
361746275416
402789484846
217649786335
352426618146
819824324430
452682332544
679959873019
801092580829
631896135772
420796917826
770577020596
238342279069
754085904780
823581795616
153615987334
473910812556
36491855120
526742942124
217236998089
709804461219
280936477731
113358747615
449772887319
861578579337
827072414998
669356008818
407401386198
485781289500
813841039527
907706022578
250280392361
962066860702
606235250870
324030134880
618022721374
257689918540
168056754721
363261967053
330147034336
740118303888
764117292628
5848171071
481107381543
512368013936
828111544422
289887471231
579203081707
931043829279
234989563568
11107860241
428175614460
487860739828
52875598730
478851681536
192663318829
347472404590
612754195394
230312657053
637837093348
835865587043
135475019233
901890398769
358085572264
638442901354
946744487476
129474586947
558442962554
652486141368
370153010781
43430359468
376722454199
589239791499
291409179842
723238001059
512655706711
859877384193
105616480788
874756298492
819880443138
164185457479
851113939574
819653992435
97513811119
72805524406
520733136862
403646863925
628284452093
664378819556
363793486281
175000322859
511046235669
804913885556
902922865834
969047692377
628976056588
38235556313
252522241413
797297210650
167776925714
725615013588
111571070881
795999698859
562091542397
330373465181
5651030776
418658151652
440091248496
607484517650
771942486463
544079413
870969159454
861381022024
247527686330
906534231785
225268784627
96686993502
117352737510
295714791402
598477534519
334097435921
12505873370
937967052896
166909002037
402013841295
414265641484
767782017025
499099722443
961136801343
267567287740
148929896494
463005652850
515792367172
56589273097
279950726611
710628071769
649942361355
413998551384
646620336393
817455592687
424560544992
110392995031
480992056208
317987474557
230644494162
377611020267
496130266342
7440395440
669137769398
849249342877
608562062375
548876023539
79365853002
487973950286
913838599925
21848277979
35010090876
929332804425
362816333675
236851747518
938546112176
294544132515
255138731493
609325096096
412962509879
342254377504
731506494957
880089770061
61480338213
446906365161
588028135771
107358553625
28328221391
624576685481
267328445645
82317536193
117808826125
653003432339
655153537431
857322046824
527901874862
42595171704
284247670154
352816162603
73704585427
283621557343
417981063355
376607019645
446175392181
768692436822
316825245391
13551814088
25831782850
444343233527
672866098969
158047776626
417501929531
802614795819
561217403166
353889427929
4547680580
597385771466
419488672786
64693650554
284081379262
657076556364
93223539864
209907529437
360337459535
956451981415
848107448303
337254917495
782453236502
372457869267
861155008197
496391190533
6307198670
946249159453
574504956919
944909330264
517550892362
843537348041
666992122427
360350585673
97638787442
816927786905
801160266822
306363286458
648033183448
905281013263
945135790896
138670360084
9562441178
803400487518
102370174380
369379214024
144628504759
951100448995
233193695409
932006495474
254944003945
821053147399
849758154482
714129702412
356485851500
805070555247
328765880649
7600381417
931890038233
89581811031
747152096849
113291250273
522368959470
216053798875
545779376948
282628101319
450788197072
87329665606
658804768317
810818284554
836992359750
826913392134
816778017869
385951380267
690822000439
131079232495
568782556491
408917296273
653807472830
935391559657
153875193808
604024757600
684402494850
375250420375
713959231411
928975668224
793725908214
163119589258
281913660124
629163317528
23434425800
378853505540
977869787599
289465786601
500578835644
893769648391
456063623707
611120497592
287025059679
29263165818
448129518671
853717909185
824249838594
564930332858
395549357336
161744700770
442986683902
846829725009
870617394842
297851154758
902947122381
165932534532
174830735539
727245504323
159858736865
7767188617
927545058188
403933851741
587408099508
194691287292
909370222268
295236283105
883129314973
438646737860
570238733702
387617883485
338658927740
488163415464
272801231013
423210707371
901809507206
786786232244
513942594472
401972417507
560603671818
751782138484
704448659329
955875563249
157347613333
917289791248
371535077936
28746321652
864433027831
944342354577
671506957875
619160991863
613666303121
838782002426
387299291662
610188124776
784655250406
458913206991
421124366317
527197809472
583270506486
165266685863
630178359198
477351667790
439046598548
4141971711
694141443861
405910834789
462653550652
917705965283
279837178567
787808909315
427747485909
10621905194
64096024044
304319709607
528425907624
810226198426
247311710722
558339760528
23853429600
797626198136
656862278615
312554712988
443065371227
158320595759
22638636308
861771192008
978791754823
767365425972
643222215575
789955638547
704325629090
247861529097
491649129920
829124659866
108181647867
283778415685
236035583718
719840247614
639387824426
105174421850
190176054684
734225730329
698716359688
271883970135
952841101985
47438468401
934074269298
929721852432
269486116635
659923419102
974185493143
138943556519
689907966486
557469046802
128609324242
327294998589
958440422529
429264468316
333426314953
881649347878
882430402734
948328689213
243710353203
24614745604
165982040526
651704232618
626094114693
683816534915
257476107454
729629943744
848202091531
730756398723
579571576684
727169150313
556364098037
963611406013
414534538662
571293471514
611369695634
246311125676
554889264235
160909661941
293481769231
343226684758
261158356536
714772863316
