599747618340
166640964703
406113025043
944328844920
31196836550
622591936352
609846196157
91375812698
98077566129
385541484482
254635906181
376125218462
408676639271
458031603915
503885548782
110182172207
723055777515
251014041674
473033546173
174867849003
578147199635
960984050686
400590863398
811083365163
847411751338
696135965177
47168389338
284438969729
25945436005
913513336807
753075120014
490086989667
377562002152
968677947513
838480917496
218238575540
232614180812
542769752142
437371912110
207807346115
965583189025
568705003490
908189025163
496640091402
568032309890
177942274687
236472033303
150791007071
559525236952
394147526920
535046691067
868442563417
940287113570
605789144113
699127749791
329281509521
94108260051
783592793165
73792784541
916587286855
827660715688
607943063198
387838779699
910858755911
489597830378
450968559659
512764929269
922911930213
425109304719
904114526204
698345831770
812274238767
599978182176
58561228976
676858496653
99144358448
188987368993
714458936261
588331131108
687275055094
829656510239
154786598866
394145716633
556847821406
4374232599
75474987568
540052455305
756883879514
143316230168
811381973437
663204521861
399077870611
78774003656
288367508219
261027083050
252852289744
383686840714
191392392963
503471600747
256650878080
257029905550
49262603094
240105999427
388983163477
338763388724
153981004594
317709216235
470490504568
798508379780
499166397107
916833702373
862758169995
3742549340
724072706142
464610056970
255679938768
490738279834
622838232236
932454286304
226441754564
161420152248
100401158482
228205447686
247766634397
348470846093
554905040499
745291366312
259801491575
252155054878
103735555347
642539598723
814323464554
352537382701
85033374997
585167278886
243627704051
386668447451
842579948797
903394575174
688447242442
502195346444
740939219504
538570699284
903985877962
387270860476
112792110946
439903972296
415698906370
500089684720
390878542326
143042417381
786732754767
734079859490
486217834243
690868853197
602908002825
761716865536
70224429401
39689559002
774191702229
468584395052
152094062719
693866994854
181423303165
63533236075
379613637840
633852483613
396741677237
712108800145
154223181939
763894774574
286025723144
201904688239
360360898528
118645844550
495834905807
82385113260
414220205766
632936427446
638077604345
264217578267
885001511661
570594011967
45796665658
685359090259
49640996258
868786385392
892059203986
213443644933
100928423810
309992959916
475895716637
615783759853
566420717646
669987437002
811922986273
59487019430
743847821575
6338618913
81096607544
538742296569
688736536016
788921216997
244243840249
485848526180
289386111500
92974279363
776180181297
774769429143
262768883532
587135328626
439272838031
874585779968
550311564391
598981838283
1382821182
106263468945
858014443856
194183078085
738304999080
154944678234
937575267674
123474241523
747646605602
432138608180
945907677335
394925673556
66761930880
556809467330
746942749424
168726573988
814078374609
885615604065
583026579449
621114966256
266697029682
676734231598
76427083802
41276970803
483304375083
531574341215
177706218410
857532432965
294513667686
347932310275
202295039999
98781261446
401921937594
230967378118
243646241257
110136934222
49481422616
818728671305
918460035794
633746091763
482558020071
784701821585
904321900074
262593026419
406226853109
846757795034
131758991874
725168923734
531713938911
498619850098
934431593505
885604229566
643992079605
216664863049
84183359581
40031179202
170090688941
646853575117
497461337505
108618948164
91946311030
85480173633
157276916788
386011103852
701416084128
457216251851
619292561343
33283172819
260427569573
739121808680
320020432426
590214158020
245071223629
132200171916
814115070473
159959772280
578732969041
46322856429
79747976792
682348639065
910687477139
114504193353
76341730453
748381062973
557454872234
258655080757
453428905929
859532514097
938184189903
173725301880
53528580293
108975619106
383058310663
541882585531
452851667744
412807596746
101193371263
728417927565
316182545309
229850243515
504017257333
649889374263
62730507688
324234882825
356672218556
742915325560
355090760045
660606852317
882879338993
149971726823
412269932622
573055553876
85376327771
197625379296
502228322221
130166343754
923247160733
216279654093
16998210151
748242712389
256830233144
618655152834
43600712375
138577311973
664376874571
967884632148
896000390250
749803245233
863473295113
23014868171
658382494302
243807839553
83948072092
794188740225
342493904019
385236783767
172077393391
320204317375
108419373606
709766975975
793635007138
510428502289
44247714760
370495677702
705717073394
470715943480
344452500602
18837768826
628436586093
416576259895
953146239700
356655235055
46934192310
177624656642
693118518021
541386000586
441010113967
335033361369
583229416795
85793596901
405459135911
583744471192
732333225493
838268788472
501469250674
276700977886
861385145
733931398219
844092258514
361789640195
136800224970
723076051969
101056099911
796601196594
177978927468
518774336775
875715330509
342803630698
683534315450
545308013127
295377976556
30890862720
462819033479
400176219316
780230482646
832491571990
208688462230
474583104557
326700110652
305044225093
158928985479
78570338778
648563302065
183324013891
849980165869
908337089349
351908084158
918436725291
180960227070
156705642835
576860923647
193194318672
843603565466
304485032164
402806377972
698645546587
540412057502
303617750513
929412639637
669091611920
575889309467
585461421673
491174824377
472736029722
801060955326
582704353837
461532921715
242748335663
721239634811
355567533025
960506108537
293995312667
426566428007
528504078420
856054219496
1768093237
730189149500
436825446853
493686114159
317667366531
334980619773
792434411742
555652548241
827827088212
77068921109
18605864254
361792743485
173091550073
338564952811
688374698221
585185714068
352536709023
953402217731
178665930592
524655257512
903545877821
24933404907
767655018134
30229504678
956365819059
180646100814
610435881547
381287212702
471841223154
586950860010
170884550015
121521849439
921683482771
802663533064
222938116609
164595774258
295591623079
809778097219
597784281533
268733454003
935645510058
352896068569
75940220557
451563135659
884709320881
280902911591
693520619153
624992089195
310315382515
123380547518
338100586013
382240473099
802505856748
28329950788
681813606502
294764034326
842412743907
828463536397
452952936171
204438342480
79704518745
518786151066
845593527593
605334888644
914280183942
892628150840
496200308453
416406924719
914216428121
778619857665
140951769811
889555445525
807466394104
845564885785
919951849593
842171672635
639172201636
262246778435
946543216757
584321827123
681613350133
942570855755
925141061541
552721954415
482372152895
653073706368
421483177143
883397964064
632231534903
488957302761
192942824
879393572856
343139719636
157447032458
482411490577
422077701327
852953327280
176873591475
702861157126
812744840360
403405154802
944564915103
895075020658
416151801011
627924847419
526520366819
371774046343
43208977876
169653322846
199587963938
349927565287
766040998622
259052646498
650681081826
585765630848
93246361758
164979889981
659310347010
633988661060
166664536813
566190772834
212006888701
606903646233
487278597091
478772144892
491850012497
794223070682
781305809954
405208632672
605996017176
565775560315
335145715082
779155683075
846409231051
930363697574
455332436633
799759337003
20108209398
19743311658
77781952320
725549263919
399738041277
159499249985
654632136662
272684494545
345064221474
272069838957
962794336500
941489697028
498868586897
499556633393
873711465856
382255770722
764514744729
513710329481
38698600231
750514119721
45367292175
28811721029
461800829319
741815006191
710147414360
628318143443
416920819572
43761408086
572067500480
253399737522
546268059459
161264896523
15243356765
687748856716
608261621143
547195607705
135482493335
542153689000
104996729535
528315767166
445161594987
235564458064
162222986749
748284648282
824881089246
472639962800
244882236577
428235889881
242386277573
349173350315
181668050521
157162204984
907284023496
103161663226
356894832211
742218681840
334521610320
530322151835
535646927755
391589627700
769727127086
497103988910
314716493231
417106243180
513887056876
581695022043
354067740700
816783527468
64717044366
595502784957
675545727486
191965224939
856469435529
41255830990
575206666330
255890930843
630318368687
144442691446
22819091202
236895496691
523653550107
201754258261
947449472694
536813914177
848082408099
671601659698
329616855260
878837348611
334568793342
11078470716
69489263699
728698966907
428095745624
927266344466
246580392966
878332889263
876382293806
828042863109
184256147566
249657179786
27543098550
269584149355
65115253122
262997771758
5787938711
865857091017
305768505006
337208057692
912925142242
382675713956
492102999528
242733525848
678314333867
556134658841
739878099114
257931611695
943720255114
218149737341
469767212771
4920748404
803967331816
432243621127
824596645848
521667438333
751264148889
606107681072
374531668821
334421437875
929879572002
243730746788
588505433157
852993115547
297621216981
660755342163
340413778501
242145914388
31515006289
163737496664
724768389066
41799020222
340959188745
956786903010
272583557768
275135745243
329274342379
216407348547
643635479748
395136600478
704780438593
652267689433
723700883177
7157076234
799787227690
431612447881
654867934319
720867347105
506810762034
331643824746
958728354513
873901501391
272363467058
699513099659
905054933134
168035662320
338049500355
161093436611
923313612272
530695228662
68968184583
738076799770
262764073401
81100806250
758868382921
631414155374
126583512383
612227991146
941041926214
337417193883
770578711254
439268388115
493798236741
284660120178
597438289640
274078352478
901418582879
895942733449
464395039516
407265988985
783104747412
412275325807
802288907431
864524770315
208444316898
361139834421
506803108993
352283553266
824118675209
331865160717
32433266064
940078359152
269127784346
573612245766
3371214727
302778309793
739083156332
329052731181
609282019272
910659902472
796132642146
689626886518
288268757598
154165045073
387067815671
824588890788
62906205130
800651580365
383650153351
413040395462
144746454484
555105099401
200661875088
921425668613
21520006601
483662700037
544066486781
954312566731
361183346794
729908832965
199875471445
23993558350
53775613625
53109526127
199589958811
581335182870
781420070743
669235427558
153737400429
762045841234
394913238818
504558764970
963750083406
246768124121
279076080584
894881166990
514748574949
842744417054
823151547299
919341398107
69387626928
833451842660
285009601821
758135653555
895955428049
756097502305
203335405983
543665311789
107982223257
461913520096
358307942098
854536237208
725844243933
273304351727
604369673399
375003555773
197253772283
956217138360
654400632076
797573920762
937984637078
596988645701
960714080374
77560589618
767149684946
818607317513
880992251980
355287232374
116756220091
745803452993
816887993807
393361154359
235373022610
34234537831
259950406064
415333831812
423022176198
56126433871
483387470536
543541600461
562412830971
661833396260
645584865066
50551442965
727628062765
811314273030
520914067119
464533136492
954899959947
715984187290
759857001565
763377739452
596499296292
248109982853
396290594903
835049778824
624403710807
937030842285
932621896192
218535214570
440018288248
876789753081
40033901801
685138397516
683652378156
290854278036
190221419244
404725486239
178135290961
174088846016
456062010259
740669939160
289207053781
577714765438
138486472768
278892515763
5327269618
943969944942
72510305892
699252470290
836044203068
529823481738
98309472665
765826415614
844044937821
547726299241
897775705241
217325939777
875651083528
765400905464
795156635906
493684551422
37070752766
339389094159
740043777661
569351260801
110485413858
131357071696
694649901899
295568978756
135838950211
229304095116
418198252985
691276468815
679044677936
661187892857
949240257340
180741119008
780539091002
50527720746
281395657540
102131348583
288083007386
319066427191
920387052973
542437595761
80430998700
458890799121
280220709811
493680806321
422418873492
56376218698
180147275310
201154712988
450554945690
574102901149
326007530722
839355002356
810600932036
99623396672
177419938498
748410146756
602453289834
193176915810
933605668952
946809486165
120118858627
784750506213
390244388626
653133142480
523334856446
56035435568
609832584524
952105233492
524322488779
83230403234
332199006504
377619395162
958225925720
214140933777
842189967699
751095188787
267747435189
410282178617
307282272000
765448713084
319511316897
248344593
894429548420
468241945916
138666688980
421056958840
583788362368
701036728377
404812822712
111654922109
615383050795
684167136330
831361585985
795808248026
886918308938
457971369551
671621831355
433317510234
775124747348
232044757848
8509534658
878258609017
546073025734
6090380661
955314672152
530794062654
631654442078
517705537248
748848991507
175199385158
11451465158
857387645741
278083408545
546642618065
46418710916
812759694928
879080174555
848814429399
359831829143
280675845156
711614829936
151638908781
640615405500
818990961830
53525503467
673496620242
291450446643
237918859427
20807000177
121517251215
54691938683
715101997308
271843668099
531729984538
533262589242
678614987625
452075930217
45672391036
923458243827
429015487200
623013869875
717544908045
614593056112
662047599631
597826724404
944222304141
912427587597
599700478172
275283571242
788794654628
923208474253
698224981366
369715898437
891258012625
266273051447
128672055248
473771457393
489110224185
894643336196
49280195488
843154379729
855295403788
528385897010
487998904076
729108805666
885356690012
240609594540
574186441590
211437301341
882120065237
726420124249
106807911923
923837902480
223182451814
626777096079
878586537504
719138340171
260375693938
373345610935
10130917364
272319072047
823805128985
623642415490
319225792323
578537318072
282729929871
539469454840
885049053158
715422402992
355466990160
458715275890
285561807132
59072084224
931103424696
256497046405
322776275406
918743601880
784764846659
258324935031
581487077025
616486196069
812954088151
764908264344
462407998145
171531450523
547248288157
920342824981
777414684539
784066032555
624540559203
808161871721
533583431402
651040113225
817514185090
432204144853
348790194547
953794758162
928817976590
445405245587
336012150109
132025443049
299253824791
287817693816
79580297617
379036660464
391773245854
204730571905
603876491461
499831080147
429577147558
1250448921
464786088692
147147065854
655375172801
523426198006
292907256099
761313874173
182072683190
427816117857
188475135203
722240154439
856202504204
658279111960
632094527401
50982140602
43834802029
306456372372
242497870360
169403563700
833323693081
130202057480
17754605782
926525072838
255302467002
428420809153
278714444770
381440287935
601357654212
280560480692
500931837264
393035930413
511407350280
566434720833
689667772332
939748980152
81128311181
275339972764
451399173964
591832002845
148209421645
425782029216
634108074776
83279738256
414771506543
708607968927
358804519627
447588194633
778665132631
325852868069
492305579598
291908650330
268079231590
28206347179
869145865062
62991223610
38728356215
105212526875
489205743492
115836627528
530088658161
58475366599
703319172884
114536402388
394577031214
408625055025
734034991730
789695484498
314560076081
469757797056
300336968146
130886486804
810051821063
667862425725
486210551655
644634114587
217634061994
699339712977
239272680895
641447382364
932994996539
696747654137
388682219250
153393578026
145621042058
944195824902
197796130819
352829437975
788524472078
884336088622
43735413945
636552729895
686655531262
902197178865
232748018307
714130149297
305898487991
942037229442
347639802152
609984128372
722100162555
953345129911
773653177023
195219173091
367658366649
333977480599
163161404428
834004269323
662518235047
564352319125
429250049999
716766243496
776706644820
719194169877
759792603169
215225629511
763681255328
446552569611
372696794327
937792171221
956398503158
567777697179
792329550577
786396101492
657786804696
665044396694
623583889151
354041640054
421236678367
586521404082
534477968974
822128121061
439930869883
519053136634
893468780462
946085145289
873050336204
125849819691
84824876288
145196367905
908771832595
441389603487
260864744566
828051544174
728079236719
459295369277
102133031332
584531458287
745010411896
711688128065
638092905924
14000591999
350367404332
746411371254
745650886781
146096439627
587501148969
88467352739
655276234783
256943916241
96583216633
569506684959
609775625055
299579335660
109142735948
948843066530
123037043057
510602680197
389172326527
317647548436
834091105430
770157184555
856447948041
742909155274
334989950113
942888559822
546538608651
968105144732
736058824263
599881081140
804853319359
260135211600
665226172871
210416264957
489695827218
419216281885
37182304635
767969909241
170906503016
11843764053
160196058609
801211236108
965756238134
397012100328
135014699721
707980957891
346161970208
687815153173
377354466853
738237737596
940661418823
149354809586
159862424057
161314344765
805894582702
234907153604
331117058125
198356615433
870149858903
158967846154
619476067573
308420216407
218987860303
665265608268
916099709888
790972654787
816353107140
505304343327
834431514711
442478153828
247099044611
673654194827
27443072542
845187054228
290548047677
609808429161
755752174461
728511462450
608941323906
697772566111
97582281092
229827622220
852687690775
216882787262
966162337300
849042052231
352314811986
173054870903
689287092845
719729759533
348422258665
107134893669
342399554739
475389276051
482040761414
678403747737
535861765364
192581113850
339312316084
129889577654
683531048420
409287572847
938800474038
621748024398
327173185139
573942865167
875963854626
126995314791
20068166572
666141802993
890200047954
154485422581
775703614635
239413350899
936958456697
491741654191
380968774476
137001179026
730656172722
702607679839
395839663772
461199676751
247874526115
792478943092
641419665427
873939788829
223612219541
957230745046
583567993118
382244579709
75533797206
463978064085
264947706213
158078500015
430445643595
627692698116
291003071902
260651639707
793701615743
726272660332
601644163323
923311901122
607591501431
937079068332
399855702762
297108239114
393959866998
753998002767
709786921184
458087089850
125291194445
885828603563
948225423199
602929851660
867355627103
229867795937
309899302061
47042851767
836958085130
609064531924
773847765507
881172543293
745723917352
667349057513
6598354594
885249332921
144166382431
451800247903
350839867123
615997716452
722777088803
89528409314
872859357374
634459607696
664908942528
913928930614
831300679188
716554760760
892371729737
729025273187
806950505194
615014402782
775412111040
392110581831
869049111808
928681070095
942878962700
356892986682
469635887645
286930350263
225233205302
220561305098
638309959896
267905565371
692421701694
598881892656
534344533289
429337732320
288152952986
805336042985
496738130819
671455329078
401283009757
363916753601
959701558926
198444758385
957741755954
103638469430
298108840813
426212769978
529133728202
759656980973
293296390173
732659705637
40393953519
529081146512
563896984007
382292022288
668214639098
838059700040
673847533705
883391058793
649292167852
740332764642
819375875507
399067073107
364554377080
926703239657
922804384317
924005914847
873288466459
589953654303
678829353715
767215390116
161332144890
337035796765
36476164450
306934152633
247769983064
548387954604
530328273184
215850581775
68060862284
216827605322
846895102288
884296418972
563527749255
653069128359
907921893115
450266494623
91333625597
919632816748
727604343547
457941924024
768756806085
112733788867
124401085510
310868988466
152470631687
651507125886
73132498500
797305023569
235816700189
237344874140
767541718342
889764184087
186672530795
366711859728
898076468987
649941250367
385910183386
543224614041
129898911022
646598749828
187980038281
189441679781
952532310618
539714748924
585791931750
156607995330
73003804021
125218765880
518758105236
676150875818
646300413743
123170251193
66744495029
703584306048
22880878450
33376163601
957638655836
394025538676
27116416166
799137942616
853081408754
778079208244
169371360380
255417218066
669180297377
128354494933
387254767856
204727508062
462943218616
227829868265
557440350417
350107260298
17516778674
111957682256
441728350446
19500805781
249008418161
719264732113
134939674507
835536745588
829576654362
113481133720
282195142793
584543558280
801048804955
227573424419
924005405060
894117436608
667316143741
180064447132
481817746521
29148221814
38696435532
34414030300
738435033397
754052480957
841787323182
1836502320
75981060015
602044465685
219489413138
93122655065
657301072455
554206391109
590969049674
968557816617
98313905595
405952980311
97249789850
453270836448
791714161589
516361188462
592811985666
537000901686
841848980263
121600014452
289482007227
646276409759
909457146506
742743939756
483926854123
452509820942
551226890076
330495838711
722293230833
565729297630
693065020470
342746361605
910064816606
107564649082
313915859432
813586822531
790756906985
69221876577
577230320679
64209509920
631676115502
30772505454
639828891466
83225525765
440989957610
836268074375
392906632342
476775871045
423007640720
861347240687
494965032815
65187047245
287983059436
556198098129
942427364955
436320332082
571502217926
920302619969
869676775889
833757481166
43749279673
337662254604
72854180764
332731874079
259702992882
663150181278
133734709953
40933493513
872233013122
804911226484
318409585685
880119733938
434198416427
407873534280
554810217545
374267805632
800379822457
480349643318
811549410380
291755279917
275289542499
67498443382
418689700856
25018349831
81241535275
873702827390
742326233360
236743763516
449840920434
893889406538
404051884430
212441149074
694409094074
660975114150
604477237124
716082901993
159090767597
687662492629
295135729763
147213011875
495349967826
234397014128
379875713107
669860023131
947390251024
240887083009
366816851216
479292056576
28739757579
61446058641
583038013339
138820520922
367268553015
631795135637
705623050470
322921597138
19374606716
898727989972
177445295729
266707251619
553733953805
172535925954
764957340904
757425163871
902880948612
596555697103
389637170299
778517779144
755333940562
793785005144
25528489477
376159358106
592172542518
166568027140
466535307609
592516560931
960527091676
291125544361
896659619763
536144682746
651517879590
629553223672
324903282368
791908883191
475998071544
461038558007
758083996385
823509322930
871761672329
167120631415
548911745169
942097692369
756922401708
467102612135
482526353449
582869003399
246682126285
272410575037
60835976802
853821633623
818963077549
576357539137
78568753445
697850344722
548940566450
615906237043
813526726376
442429794191
267176598600
385386354083
153029109451
247549697996
894038627495
269203473362
428471255407
695871430086
928289235972
897687505871
645945505549
592929462938
583964208351
389440611154
114075151219
832874933556
236382857131
520672071454
572127287656
848486754086
619802333424
820912460566
231976552609
548448285666
503142423925
692248394886
50294901305
16353908541
643846129861
352431531374
330205419806
496274529053
95689460780
110545179096
853492075541
245525288457
426913221115
922538836763
254162044756
466980769380
456264604769
177013996872
967793862306
698959647665
320988231616
380291062912
862650705138
761059363387
244879839152
461641300677
720778665901
28792387539
145912904862
352847725284
63032922092
109125900839
92897544067
255465158512
955239872244
578036944568
310015265790
252340640058
849806089282
819736760937
193585436304
671700629952
140198848788
882777023432
18661776929
514175158932
752547890884
827882647948
277860195736
616050012090
491020737736
78996539987
78833164312
517980525541
113863963416
438337043223
339170194168
532977911983
49893905807
482645089221
41839146581
5603763385
576632981868
838856856770
502263119045
22306501398
149843332787
271720003203
111180026157
690056660413
24710973782
714239936927
63858370758
71796612539
967397829106
139912662411
387802603523
523995334168
15417410026
491768251670
773321949173
79726824341
684483591599
115930190351
842249801380
165285227760
419262749524
615817140040
564590357475
267243612917
755386466492
124383884366
520674505565
373200383736
567204564362
183616115577
508626080999
499197491393
469466101020
961074338534
274434271052
243416656892
423425799034
642435830957
320347236620
271044027033
353673177209
129938463320
293968977637
664344049419
870952574499
3909502228
760842240419
728758927362
959860045695
31561143907
821207475823
939529913359
102111751177
434812061033
138668589004
576225338798
826519958472
734702703360
119309046055
445175587116
272757140942
734842119806
387582995407
60910935635
95084263126
782685334044
620066963226
760166388928
443552505598
696046846347
652396046988
819048628170
612483807818
380592904895
677543155066
848894459659
734170128282
37608492965
938193047191
519888082195
927697403183
591293344271
517750480245
928357666446
600772114378
258498388822
203038570500
681343791654
643622400787
833461854614
806351354508
124460187421
110377988338
512353984011
459238084843
26985451192
13857035429
780722647669
955085494911
373418080411
941288692101
415421799024
802304911966
24952035391
381909270506
264357355857
507934482728
788442772885
565535313392
963566705986
419328201124
265475763115
789167145197
881406321289
690137278594
423452365593
177273036799
379285868202
431309099983
13800503712
728956383816
659274763212
761787115068
112654883377
107283086988
759017151433
399174305461
13940598318
32466614889
751857601907
873587487542
473792931343
58192859158
409266824012
511058351631
442964056894
897583583133
765854248719
397563265354
112612031322
385877301843
717504062439
254373571185
522643260217
431497373643
697544295062
349818490982
409258775763
943531884160
118244788591
607128151904
424086190107
383441913351
493673214121
214473073924
294318901940
347273864817
889243001346
247723263140
961599308771
585050610514
85455163781
505033671414
716540600595
436919196177
93795698667
385094780686
737418722737
480415508673
255729277929
641151975769
785306112843
154935625401
151765934522
398046679558
424655049532
848137183327
901814175943
825135070481
283372782524
42228950438
388793289081
543829962742
242728152898
684566111153
85736106966
828011522950
729783723842
145065426104
235257428420
413657711184
322286141968
633806539375
197104345160
799314008746
402243254326
630094332532
645321411367
858541956613
947129688798
83105232576
872242372235
499538461353
696481371258
554246470529
341223849128
312317858115
63482141788
516821358299
596060901053
346179504276
719947945471
952663765228
877613745245
424312066330
92883444636
55047375514
286690840557
42220487812
932660440738
870497276452
689583862067
651468295173
295403793799
380633139207
368580227721
432393963524
391514214242
104574703230
303973567455
411868045115
109808336204
46298811262
159350671983
240516959897
471917609029
839777675129
751480130989
96916389942
264098938015
480785754541
295355829576
39765160523
376601322161
835899594549
540113237159
810435747920
373051703201
634489458446
200700459317
636048108773
683316148802
48982155342
611440676314
627869267086
606824545916
511710992058
170456850426
606955799937
134979725889
468676255137
542287602809
957585014683
752197470063
452561878703
899676349803
947950571940
231094587411
701318909595
793938624696
82526383103
348875058699
743256442025
716213130147
541474620250
270036859026
54507286552
801414908477
577722586067
71296929233
698109571498
96589979737
524860073636
923814610122
516587742474
694316381896
285020321314
756178146315
502430676472
693523240286
107658756767
802902467743
564418231459
938857646728
933116288310
695065826556
464009482118
819612910234
694705498117
36626080716
653883262695
413896858153
883492367279
775328045295
306125399985
574989703956
294406986648
961629667165
4649403547
704730757196
461480595533
765893714667
824154746904
244100233201
456304245640
384374637337
858069490631
287366560849
447728918859
27208177857
785546113612
171981349919
52122702885
542522888984
672106541296
3953130097
363469310811
220752849922
433139491402
169051424055
339134742800
816075582495
953624621769
895052963796
557270933174
966832284428
759853969571
430647285970
860863717252
542771530767
275166768581
161428817586
796087654287
537065470989
442744296412
342794284467
158687956574
746679251690
755947547889
491492744050
73507456217
90056723961
99996235472
99098307105
686496766248
675521921134
797427903603
704363976256
921498452899
427614730385
682160163761
275979873516
893088526299
409788642436
928974485036
265082496108
493560063409
858579505567
895928157433
647708246071
178028922904
171012374845
539944740416
346582885515
104164009938
5576120414
253538072479
398037722790
609323578818
304342280011
554610711028
134171003361
174740870749
608667187567
469348060690
874664399033
716727399933
668371279639
338697730371
890087711400
305947190678
728862923895
723263634634
598168692827
37354581399
172367703959
59609542672
257891716742
243014520969
72167216681
517847604380
681946745603
256292595811
155921372242
341869834075
653908330353
608219528303
708332855314
685373636263
200188870695
710182316220
897834482834
396335818274
939227724915
882094571825
799375370410
872035395384
685080503962
562710966101
138359869265
509569065722
833691032050
432092117222
48237782402
853316640736
185078361263
30163832025
43013176071
345327425450
686209282551
421342661821
535916627129
647184143159
338223355175
751985678459
223490786506
813059890442
856292193500
391753303003
957669890073
257828200617
860634481155
546112111903
707159187116
330504280052
764955273763
526028629925
412343446356
800572407932
619493540846
169976813970
659687677669
885014259174
910451536898
666265236584
162149976812
472428755532
341577579785
516303952746
184786020811
194391523419
751256026950
121421664023
357694225067
624287937752
271894222939
691878415314
814606068060
292966425135
248574531947
148120532587
830793366462
947609645353
832572262979
259208502243
424600074263
100973585599
769980556360
460392964000
766407819274
356472828128
328927904247
958214182763
771512338850
253886250362
30244868209
64295527341
64221473546
941133942241
566559540674
226130761955
621492344764
214170235856
858085297839
524525503531
11868481273
588475060916
574510691592
187371279479
448028567589
290167783647
649738525164
443608627327
352101852107
296118189376
438923951684
140195159009
633244919105
365932541969
480452809561
227756822809
643278550203
658102566881
405693421058
60682623734
150598636256
875496140969
106457529718
407375290264
543407814846
864207781958
760442350832
416996167367
742627184802
798272368687
805908667077
590927200902
196755144374
408859541731
483485477484
246808260595
541282783259
337884619205
778447205621
573136601709
355249510518
732161231328
403846917141
641173761295
914022788396
713455756172
494980531695
204494954820
447611913049
387750685899
86162183957
324828113734
793092409078
763410315290
25333478944
267754247614
240084075545
528728253431
372469967660
502820118633
590918986586
839130661611
335681327364
140820016761
916908067590
582784705367
805851945349
188462255151
508520101704
279095459052
523056016866
355756033055
8258225916
95041507195
355899336284
760938397971
240996281513
317445833337
264122943067
731327207987
641993898282
955655590519
18600372566
540937731831
116542209613
753038536463
766369069830
92959588025
258162723915
141243805521
240520509025
855115137363
22847252234
958387183544
595353353565
469235673161
877570309702
733081955329
71776250346
80681520669
751838871649
766416449842
696498049001
44349056749
869710568669
837736585358
235678815151
724595888306
242908698760
878710836502
126267007359
314536095252
570661710252
965380145840
103335537828
465029954988
932063429230
58683740460
802502103014
949889718599
701221124862
902943899186
860679279342
720586950227
347870194700
253232098522
173802236081
603486341830
587648864900
301055621395
221200391056
787539760742
593530302203
232564754355
321879488481
814991298243
767943249650
369821729452
890009229278
940824231370
426910902693
893988199123
928766001829
311877344499
62547368339
440694179559
379837269215
458634162174
501661908011
441499651618
703264560928
513329829271
379458046787
691314424624
527086425497
369327229760
860075151483
346233145530
410260389149
629148113879
357373583643
27836814533
374697251024
393691229195
274488086813
907890103951
475827634989
502461282871
957172191282
892595587960
349614923173
346692558164
52525721422
328809191254
401291833708
897074323792
83000348712
107161132122
236876929308
352815309052
876060387513
800744800179
637542512790
618223791175
942241983202
635645176417
382850913120
934816906741
434680958018
877822387283
358434574821
71940949519
817984473545
939693847637
657636369812
277281744166
634424606761
518391174065
763577580821
89665658857
712901558133
195841567115
571068513385
856445245888
472257538478
149810403704
10965944113
129541370061
268246072567
853029552688
740502562742
476923988629
577705260435
717664869042
705517903845
741751380808
876988336656
501956422931
927275873028
402666868555
935065844902
115833430335
340868571361
779975056049
253606815543
289059831443
624500153947
195277949447
898739804673
665771756439
154422952521
11617169248
316161145368
765403471316
140276250945
154207328524
835982004706
115774651005
472958158440
925369172831
881614192610
704629118830
62373749962
74737038810
12684721788
836016314488
778842392822
331572992281
584619065628
73687289734
162090997892
264458240678
323314468504
653087227429
843894974515
644574928393
916471285001
86214167040
269027942782
469851229978
527281984325
153007255734
903360789009
81161197390
189711992070
650117541945
347801595610
602878928008
850291941854
213061281863
134521875891
131734876381
333418020703
665397838883
602932411201
491910745335
107122688280
634144536253
711111618040
255940137960
756069153883
466863237510
606200339640
591287684590
137783923126
557428258398
475116489570
167949310996
608565332881
208670760648
565686294839
489869582335
144164860232
431478330733
18121370851
122857097899
136282745233
277966243388
251577551599
519904741439
167424493161
82896838294
420425987646
954670702377
434228795007
142147750962
206241195167
273171476822
440778518488
488128722004
46793236745
18411959492
34605760010
528246696468
900354441619
878683853364
484063273885
961144435740
639857281417
772286963122
827200199675
725119654148
514652896678
541401238938
504805170124
466706967301
139864500764
336984489872
449476156957
519468425068
525961655727
524948616025
481746118072
429182262420
586284960778
328612069964
247585557887
286132754789
572082130768
807323217251
765932989656
909241090799
377001508211
192980127724
491776542469
684663992538
334888169153
121567998151
176203667119
131487930108
4606974210
532135585545
667669348325
26511998817
551772201876
735482658112
44988183450
900873609251
379122460989
934236845585
701792534877
183631919045
378481894684
289532490293
877941546681
741769618256
725816721971
23018121520
768294925852
246595200756
118920309458
892220779514
427280203735
66561442700
328318582850
605850471123
928018021065
733922282663
173738380982
567622071294
203888528430
876216415455
532819281103
475107709378
488017859958
821859863041
733609513605
14474167047
603317700391
802853698859
292366681333
931809186927
866134173292
726862179378
713812032955
177509605251
489962046492
45235028884
857284439884
932417239069
680294307499
361975908859
168907717802
88418071514
12725271325
257552006688
728949467476
587737540500
821810678287
845304121093
337233026458
216599351049
278579256096
149445627452
487042084872
915943689579
775318014059
356663843479
260024032727
578588502102
949156778349
233771079556
947572524627
669508347289
143863668134
149568172213
499288767946
256766145528
760441987419
156497462837
79761751866
131779208422
739605149019
335410238075
777156335157
494798913018
693139941898
703485036100
272638445655
500647214446
219497501582
549383774805
705199267119
473387224285
349661285473
448865798717
551624732182
73890211018
499045756345
376569677324
793810805846
226498128188
405997009049
872404288636
404471427665
276721406813
185476599424
412208475544
313298464313
144422931785
244724666673
384831593230
966742606444
191816462007
604014929785
962965968044
848992682603
237736119393
489429184911
34680364057
784740755015
696769033898
459508946010
327067027133
215366026064
68818154710
329632589972
880400869685
56978888705
849312944239
473579691917
135411577705
785293883592
195025409225
747985946752
552588877575
360575997020
688355654235
44984128447
875293510904
293768546993
364291271957
453669649279
144285003179
618241617214
412728098680
410150114684
326368361916
837079696364
348731087103
951077920711
134378582614
202913761700
26685655120
240841631770
521135571051
504365235501
755592366096
193365707411
595193936091
677509303602
484939476026
396193326545
653415873032
456649165947
497830535254
762227735118
209855782367
609606203858
689446705845
151663061566
539539159166
837523556996
636452605713
240697282962
647283442425
802017426484
591217649191
579791052642
146724570141
336123717261
866544058173
70507934001
61543480161
254114263481
223166175346
455241023333
411900617572
390345521900
53825046189
433619160079
424894671553
23217903949
674323108450
434287152012
334835038332
826132784429
366316399947
911908495823
506846141895
532827281540
908789410376
739154593398
649126041262
739122984545
860099420617
608082107715
929113625381
40377483411
547025624598
202240051892
594034212535
114879606300
231732600704
947788841131
681223909916
237842634299
933546163953
898188199558
429839521050
478347419360
855168949721
685759852929
50139035283
25087781393
316784781565
63051182623
567564756728
540940474657
244217726338
828667676097
938407696350
440625712567
893761282140
704138993339
118897709456
467228390705
948357796601
843655774040
433109696779
367403596158
56215422140
412178925369
186114214276
786642537097
589597591468
628430059349
730308440355
722157812808
24052658913
223480083156
296030228073
360111036857
335590263126
179743386949
891519658295
461318526494
778520611663
655520450897
640183905542
678165959350
471504668942
681408141422
867018298606
127244163065
884577282810
370562521731
211538091090
721112381553
818471182017
415099621868
239263893140
958442069224
437428483432
237930230309
204095898911
887531460216
374846176236
2209285326
292305039031
103128293930
23301886700
3045664408
941773515442
905687843097
393473802998
74504018844
297026519961
870356893433
502175948394
767759655437
591744091936
422891528216
772471471627
296529756824
108249158814
104205421540
20912668788
966103479809
230269867109
162365031084
670093587384
683234530679
755676529081
189552145900
61708186746
352871876301
276129140411
385759809338
202073496168
260328153017
487665639879
504692881728
539636415978
673342555745
15420753746
827336804568
665111079654
354299940675
315871685541
25255929478
786898781098
674210392369
549561901404
747634274140
284705974891
602334508149
267956751656
855130472147
786480519171
315630799963
213459923838
289720523208
832023128186
131901874246
856440864483
411747964977
174284763627
207817348564
634163578236
813424164587
171537605623
235479418565
34094784313
919969917560
708828110004
944497972468
398219330241
634092012188
445344156187
543777675133
4800366119
74714399461
607801774898
428216746395
22487958918
284207768659
786996486792
765552659773
378654065774
22569902120
21776423631
483308192642
68627691672
78350084080
120984890413
214996012014
874490248034
612645857380
212026889548
924739166913
86866441346
821057245910
456638318097
530306055090
961161842637
153296378328
374376182998
359649704698
778185443072
309717480509
333651959510
613373162449
924146709046
415859585158
544222641458
516688471942
916313214030
693352398381
582475303321
89830494831
944891456398
586088431989
690492351574
777665670590
729659329128
234763921239
950354287760
129421146570
278305456567
594323725866
843592000708
688483417706
785415892654
942447517273
176118016792
591636753623
423102587836
926662379073
834438125348
635505459588
270234278403
523134287219
600336777505
449863797081
391031692439
131842202723
566281722291
925839380800
274900636851
854754520166
447184906402
690079730207
531002006360
164796008034
447946161059
605692472772
484920044088
401966709430
687363762231
122668689403
561381076636
428346177035
965819355273
160972601845
453882154463
796190952084
819616891237
348035424936
568533315094
673751117645
443868528110
597172002028
387829416717
673940378716
749683569754
392998559113
424782260270
704533832610
218105937475
221955621948
715234540214
357224685499
447992790660
242845186530
610535168833
608705958071
190086803111
596236082145
871686816689
755986569089
523094759923
314780235997
745514592197
257754697121
86441198818
174258244561
872477668859
934024161275
230363348215
248398087843
324197603739
250699165402
106136324571
537340229811
30763665441
267625990342
424330169465
740496229382
618439328740
305678639847
942084559076
929729583619
641782540193
295549315038
269111837298
438666016469
727045475077
429195359514
128043087643
328968796861
498091292871
512206006862
39121824951
547201574985
905843834563
201573197699
960858439099
92598211721
597624798098
155001221497
399821360807
317456195846
883304653772
250794055856
52873897742
640184760511
535605360217
621011594318
564633957072
499770765696
236678740275
923496300721
423524037572
202663124772
968596788283
387582476374
846722666737
552316132399
247796453685
173345837299
219476858442
163109446887
773703198513
70846545903
694714991904
475043466525
437244889830
950486981198
13958857903
495992289985
145592506148
809072013346
688975985069
660805467873
334329635359
514635628561
306248465266
28110344593
926751714409
807570711282
252396655774
82198416468
840487355560
31282585866
448919613450
627181804558
309345041068
500850713054
682377305941
325048236316
107339539708
847042906521
785438703682
252459421911
240674643548
250834388214
860353261086
793217733185
630286127323
858892583530
264033715032
274461730882
939248751284
609284229713
862715738987
106264947749
211325548792
526480457398
415731180186
442600528226
125482092230
492023076734
909251414859
94400281941
670183032220
680777038352
210261669900
551878864801
736576033335
834633391659
126990589160
326726623446
470907361705
311765410336
172085995726
667886549281
866019319793
640208214399
954877029138
888048718226
730104498359
272012723660
732563963789
826291637739
710773457096
795799786982
616298324708
341026450559
792411009038
668182595169
75593429829
400416065730
528111187366
263936619452
213859865879
18791141034
357495531384
912323834139
773967850356
213469600728
606895423600
17878650359
287001580030
346650915013
813266769508
182270244410
495091176305
377767480849
721766425386
678556392344
899628541512
290231132713
357228900355
301507578647
304706828120
58672574835
401455286050
767867383191
880181350113
798681248277
493813516360
248278663889
99513138795
418586160017
354065505902
912560452472
377032303044
557048952807
300386118641
667234815138
787456689784
419346324190
563484510211
269670104680
151851888499
655765223858
223234902600
396423953139
727056224040
721210940277
305135420529
759695017679
356870963823
631185881783
282759184204
941468789164
808766488392
590370488909
462455894662
769272553869
742334000420
140248120666
284635990396
833769968077
319930643062
405565444185
175202846199
4885784484
147988820988
100235834550
524423066554
485899043910
661868746341
91691763324
223511926510
123521865379
605732289219
891816885773
91595311537
430097079286
403279291237
445011919306
761149708224
832858883915
589337348266
933637477008
774286397858
452075561459
91663214090
407506490179
321459407438
19202523471
273527629955
279500460255
658554216459
808108194895
660727114750
311117878402
30438565113
554019512594
510283339502
128891608285
368717999714
539338469868
203563046069
608270662150
632698572325
189069349342
428955162102
90146960767
230731041624
873046425801
593429351087
15831999379
400691952908
297263381127
729393797284
269796708015
655255875753
793642401843
486361325125
8270659424
320121322662
140156468986
657499689891
466763803777
540530683150
162172473963
239612789386
194582726744
341191824063
397607612558
521885197353
470411234660
101761188786
172089510084
678733942874
949715657585
230889940100
224948049484
294126724547
753166192064
835845198254
282459753527
99731200494
869689176704
845706095380
522163282227
940249034270
830944567268
287129117980
944025788862
288992588122
238523535215
185445266738
97622181471
162137982101
761555754125
243293369788
108008871034
39182598785
240669189138
253662620832
472473466236
673195707262
761724983013
483336352676
210026500069
332693956080
901219397733
791620372810
870257677723
962788891572
780254957471
235976894453
384276284548
895895124381
880132777674
414315837607
465999347139
487239759550
74325439914
317716983008
756116001643
379645528784
232197747735
683097987550
145721469562
326511573369
8378388319
933419428627
583352386162
589805704727
321871492131
328172351350
851859346317
748452848476
300797072516
72246800666
161942224710
242103243785
609843558238
222890827866
873303932288
307065521402
22249625845
473997643652
59196377237
965931706392
740966846686
96757821888
619089768450
699175092573
831956549495
805669903791
6891149540
798009530771
579875513008
524749022472
299046482068
328019445548
685768189329
189763200621
599069735641
64701883574
112002407532
248558731426
79045590214
884061573371
508124256566
475610562302
50379630274
451358647335
964074428311
156148535521
203432879476
623621926154
646555432570
544664909925
602524414304
155336165630
711994194824
198260708272
326819370535
250800314367
597065354252
213819906464
838417788645
138093385601
476606823071
850056073353
305133553759
398942600587
950380353485
401262109772
573460564584
951714210498
775707363688
139224698954
412936511929
257612071258
28120055119
198738993155
942832450093
816941301124
912809154030
499668811400
222615907882
942738433226
820955956689
448983013605
901043726614
730367881981
650233821257
110510611519
233665413485
499888828034
156828107831
717226107745
332574137745
297100167444
489904603369
19291298221
345242123046
300840204853
954634940761
191871664113
858419842072
777500221413
263860584777
309406082916
205057459427
777780773797
705582228705
922729462626
528766126638
81304741185
288881819369
512809425965
398746614301
727340510579
269301679768
159862109664
618893797874
244490326493
960225135639
717860734201
919865478852
733741233435
936559278755
609196262832
178435072334
746358047466
616797215704
673590190204
707758657192
173506621214
355479353991
689101938498
481499319223
69729223550
266820667814
340593261585
81277801303
380873877493
261335535772
227884127608
968559257088
702254129503
155860932075
408200111179
775878212124
939513696009
544290315145
177143343520
700661282814
603463737666
63580795289
322403146985
957412775539
925541916530
608207759940
436435481657
760700006614
80646221187
286994921311
458605406714
753670872672
884157189709
520369862893
114806722420
17844220730
147258051901
557907221705
42353721543
2905906340
555330929750
232412530584
210786880487
893001292549
441029043963
524910541742
176663244325
366034948955
323185656908
740870957982
892055745607
26929536911
733706649526
227273426372
746226644068
693450775638
38002745982
36719725501
169711384408
60802257742
63618451
240512850776
567445488908
58597361034
613798473865
393400682350
516915252733
926710100457
270346728420
961516529878
536562623155
655806887040
626112813545
234119754879
911646621807
128516013910
383388369569
909060066155
225307720281
801697156249
132311078537
560054930882
927264036415
183365998564
393625031851
437194899246
626039459440
448954015415
105135717962
667397367809
490292430387
296671962719
204501244442
625374204288
139503055795
330104657382
778732743395
946273226190
967701379313
641546088374
929226388861
191380087856
195094145254
608074811157
743121221659
414007092367
604227956422
201152143842
500364344351
563134063922
311341339695
395011159556
8191882074
170938063108
303494134900
635102430776
428991889428
118135967208
662061312655
454543038981
229665321922
843875537445
856330622630
917135567977
728282212354
557590638470
511745458891
566530125833
208638438897
415114651958
719066637587
683628904935
519099672733
244054584269
244315687455
782025726022
267304675333
78867042912
350256881440
469993698402
203407976351
554369966509
326579826755
19219267042
713909595048
643838904777
107031063107
750002697405
38477996252
199927717413
318578259633
926370693763
85595280563
154749638149
947521723396
901648344824
869928526287
458035132957
723384168222
92192916031
69398137515
449424926564
924176206378
87112721946
388890038457
6666769582
726530154264
665935203568
49137356265
742053536109
40597547994
289727971160
373332182614
22525870719
46153443018
791227097206
38072763862
851900359152
849307764985
627411069435
172950693260
706631420772
875851829525
445132949163
178767543196
344348213856
401660354510
761194485992
512898300971
349438470898
751072999508
839274146032
740981323864
635039440597
311144598386
80090222255
858306438485
389475271767
786191380748
956566158176
563827082995
56182838855
285213285030
23230461051
439145635934
573763937398
695502869650
370996316567
681852948892
862152661580
641552899686
554920649396
122464740074
427596930164
832618470235
488598980111
768050238981
859204979932
853332515789
662084167594
862516250210
442328795668
579838134808
107854380623
518271407688
35276412123
942392917708
620265967880
912309583485
147427469736
245352927329
507045280285
393620346183
375568015302
36519670330
334925160425
50069153503
397249487277
4584871375
725380844442
576272358423
476750422979
466459414776
464859843010
225616382563
250211005907
245584221942
848633546259
305921910200
304727562166
861015716370
870626396889
582025977303
647351161241
48733785340
687545721076
311576438141
232849947216
124485604101
671198252023
274975919529
170677569034
435028697094
8697848918
562549296789
446127389509
97277630700
271225118392
66713817817
22629445575
574037881961
755535563557
875485346599
786410079764
839947053114
303447419314
900524668527
799638731217
619795565810
45037533395
550171280253
458287353962
915045487121
396312351520
802588831232
331780248460
228405722323
471044742520
870048151039
282488665458
864526327174
289896912596
7896186363
897730950507
865087900142
728176704234
431015903949
300501060403
251900086305
442592493486
467731842731
497631685330
16706529081
360214099524
810714018458
333760597625
36484615395
831922688796
806701662046
576925054283
712050108004
282724980878
135257694232
160631394128
48681402995
160858386248
57496786146
269251271293
603107618846
57949546570
63193172543
872492912459
780141605611
77476052978
933594682190
8808302643
209135759053
887069789428
179356433995
242637773771
684686206959
754213516502
949090132385
663914021862
493673196585
896560707925
531808054224
310101484599
448175001955
428289194620
619783452860
503866459570
604150358032
490283236799
176779855899
206693943046
323093631636
159373240690
327481653372
481625380802
179272773617
833539949314
733750381928
903229501793
194890931685
830711570892
684963648565
548280913358
958684532963
681903823537
120647522334
705258845987
927865341518
818361029279
17614038966
877455193831
22141279733
712314881860
647903044723
50444969741
13006229874
306250360248
287297647004
57311972993
535966464842
813545728239
487244129571
929136573291
508167696494
660275890685
755204606231
291052139932
636839517604
849174842258
731443121072
950829831965
600954346623
223750925564
588435471114
957977274831
403763311267
474833900310
890544018048
418257044497
358021636588
386542376584
672895140612
377033111848
2460149741
276716651444
106569812979
457788489663
515081207536
735283590923
35376822159
614375429283
195380128323
874042980326
432753307540
9073667976
445217745046
940041309749
726898892215
575913982119
268008290516
591041422381
428321730361
944539711340
106317820294
914380678100
374359685647
714986266805
443339528109
437177465876
887072057543
326476329589
144923844465
741607825614
680073877002
84053637506
669532722035
762612389650
374317194158
149341666002
425506070811
562963545359
379049923049
508895878764
170379842064
157323373267
927882454423
805266634217
101569768636
438805105825
915259125535
566516330088
965274339580
849793310153
619566634555
514325386533
513299168734
884344321267
216693439076
907463104679
143436118888
664218092278
312884595396
653987701507
296301310452
810659190812
891865699120
500971994651
271296017584
807404389508
522989488174
796115306146
113479739216
909336238875
172290321599
853506197647
22535750436
178440672315
168310349913
641408340618
501254202273
860817052820
226987938102
610655623823
172042472482
689905124677
625435884397
334077228018
792305065675
245304920605
352036055414
800984916407
610303277865
767599691837
249573122642
676455881373
837658425131
963567495475
855498219693
406380938906
560056071194
333639775070
669931796326
324474988791
344985647256
527346118237
298586687657
240468600962
928365303063
676018146986
61562094329
621826457381
436794588183
342178833815
337610182505
88443490023
781022912324
469979395162
634217228836
622414921661
388941950812
640477498036
192840644138
221550053188
745722256139
249161719207
165472527541
451026262023
247465463601
282630628429
667347305297
801015530681
222978413488
273923670738
288649086
103498042645
265254570396
210739080688
427288484488
778917540608
908685268448
413313189912
499125921936
71892225769
380293735189
859707029430
514593800510
523358630989
244432758373
698462644284
842712550193
93156677589
624126961567
917016721746
516148189686
114279298861
34392008081
952932738786
614373349668
632596231558
526618695629
379813740627
762817832661
412166123919
433498911603
498500421322
779420741906
697368546163
206090580589
959925289826
886080094100
271714218655
533014481067
497217562140
957765710233
519938245361
655915172578
336681498903
483979936892
479634809238
408769533054
90971872488
26173719712
695125712183
596363733454
244630854504
695219154830
124861376308
247270255099
427384621980
758675324580
612516134027
303198485697
651518678258
839962607615
35184002668
268612189709
188322078486
92586520485
833593883044
963202333660
332147296060
791180217245
669717741204
128107954081
217623631240
555296984919
396531786928
501118392121
317763902446
642486033834
291165334211
700321879148
331005470007
200624550537
562612088901
544721087263
862328758817
800692795105
661259971857
322475908913
929311668792
300866715941
909094963175
832598939397
260172793836
595600081027
227678952656
368148682822
821861931922
262874897972
580616983407
483862058242
439641656733
463744430534
256259970134
561596941648
594985221829
915069719803
692271451346
111567100800
673968348608
635518419859
757975045414
496380278123
922393495014
283092372975
664392720910
903817565818
468703725590
769163489793
927231564656
263662327010
909385571697
803609723223
15255089386
233825640554
31911875737
615717295401
795270338858
651891527877
693181660891
635222264222
483800987089
681296641973
387488122634
449945165028
957886447978
39333866377
256693047306
319325303030
442825700973
367826608758
679775896156
246093983928
839837062899
409482940854
736920057956
667732374693
481160732927
619418148931
436606642820
732813990585
481082235397
526134286735
415861249023
575203227187
186107202821
685174880833
568698724200
615447521631
916392536659
800233712989
244318225483
616124477492
325549460165
373449557371
590747693560
832733237923
251490522244
78874499902
66008559441
537669403037
867320547755
813104523160
40294762015
792160836391
823875760173
699611730151
649323094126
434339297932
948126823209
594336194769
187871044621
793044453146
943887866626
461874288320
79968205286
292453320619
564716458489
470784074562
318242593892
705968971728
600178960240
745095533865
517086755549
701737037605
481298284549
242152472692
211048181109
116966859128
29503756867
35873025694
662414467833
321541607847
660141777556
767597584113
245005830955
417336023966
519130800386
576380769182
340959116781
538352269641
520915891232
945790137321
436867764388
770366656013
250096380792
566643344654
737293375034
341189854846
458855072638
901529250155
869968676532
241603254904
153567793837
377267111372
567209210735
169149534678
64788121226
800236895874
863250395582
824072009060
108479071351
838998363303
49128999525
553375922886
46291413992
681302114289
935903840890
770237792626
856931403116
199794621640
87590212180
333903836379
743691220320
797384305551
136217473864
587207704594
732451732317
761464871365
803228795271
656376411325
72218789216
378156282447
745441831660
125636084371
443919478087
564456738076
883008642501
405753441637
629671793425
177814023624
459947808489
873916968257
605590024930
147681330481
731876728996
811929181383
8895338040
117022080578
301526913600
468635172665
487481468578
511302833178
356499359452
672727666960
499286030247
54614715311
202560013007
454494520116
518764994159
257253624375
757634641828
255059751762
64187954455
835414059424
910806242018
125605557902
755606747914
108689102158
707133839715
197988761998
218566092248
137543729137
625796230680
928500388353
747650732871
164561546802
768448184732
374888825036
431930634737
774750443300
746212907644
918972548853
331134229889
444503693686
274050340979
500933605057
937695972003
731020212107
952992101155
568518403083
565625240702
141720649098
119345239964
565519430030
110915399978
163616825612
673418652986
84017497674
568493878192
34643984451
168972704497
919743622906
47275745303
70594898925
237587804935
464228047718
254582584343
594350696964
670522157532
633249430917
397632848596
367255676566
931983927572
727081879357
485658781491
692729812670
168103472825
849280071434
182591946349
398813534735
60493957227
125831729188
95996647916
562670630025
340180472480
858082543005
864563862327
511444588356
488858971673
512296130894
676669640428
170045950204
554763984896
249964965294
181433546744
128465660523
673531217628
74658979833
635090766770
46770934069
917999253488
231932133708
888669500109
684641299135
672621950526
554774920655
345326704905
916897684330
442469386370
893173924445
127760538782
870066829982
656850830487
147703336358
648913020811
465120165856
390076861208
274097406518
576483009449
691320611615
447269247235
837277842641
787359467786
165032918568
917777785431
68262938426
435963098544
847895432855
393179422745
208201142313
837759376231
344004370924
852381186022
347301710169
456498044718
960124447000
351929461908
428922756981
254746692816
160973962345
639817661367
606636623091
903128870068
418666348556
699428429906
904366252972
901947573843
617820078429
811104789290
809538890927
278203641023
380082596074
520663774443
14108962672
19990070612
68157471307
816246358383
856018201503
800124972664
932305929949
473670158635
54888063855
787109168849
648316888029
266012379388
621863591088
201198803842
766981356573
718959339047
867895532239
825007688353
182811511554
843932459407
763511632362
304352615135
407141915240
192424218438
333826183266
525241003890
457856247829
89443453087
941324443080
427699631336
167408558516
544857403434
838893848347
264822137475
391827268253
483192615317
2011979310
84294975819
179163579083
716614340875
187879196155
870329160057
380972351421
701154603076
871000805131
715314201756
570811064308
208614327678
521995091334
526647558148
241583503650
56499767862
20404781768
603273854916
779356120394
209329404140
163906725049
132246791880
66813453031
585027031552
639595896090
290643365065
46389809510
447493710954
282537787255
150213232551
713708032545
424905942816
636303076516
180854531673
527193299166
323160736688
894630225508
258260526629
153440428468
788775102141
15336701863
892823416186
14720241326
130043679823
202212861556
106899344317
742287342345
623219139379
789040699740
666421457700
661572980659
431103873421
359410999544
235711355603
786426181566
337702769821
831917924090
265458424123
602761099584
319611058916
639498268532
135862531944
791707721858
649118219079
543989832387
176089884580
778405143176
639843701674
806563151842
633604769638
44402194271
930140081382
171625162133
918462860411
6144685557
805264330227
372526290527
220165516763
474990432977
42137606940
752204365825
961267202418
528350235088
822311813232
679007852932
369672990062
324585494205
145175077170
379256861025
9505341737
609322822626
465396619335
342450252814
827383897402
346735894779
483780132377
657817396393
782367746827
97441419410
791178286670
107823428465
249201805150
576679951507
553079508598
176482007115
73202386461
54795389020
387371171648
780118707508
642539655359
798851629779
441471665926
513550298053
269763716422
515361106255
504549254224
36813345438
667887466280
347813606808
748534348908
440485784799
196530634349
914818226821
485122453753
890111499423
371972497876
155378325073
119663037680
137864696386
599283110497
337507811883
129386875572
256458409610
785231040340
903359430406
516533041138
144526808384
299679948921
809231911565
842038941148
878501830862
536950103323
905351095622
517992416015
944001455922
589011448766
148215958779
740067684267
15973678482
562523158036
193220987896
684740907001
13672995905
27336965285
324939829840
327587986970
714969230406
469227040638
168838784814
243510517739
807938352035
526519889538
733086542570
77850789230
58700449606
605593150684
453900487998
257579964890
195523793886
142199543644
746322764640
210448477623
301643841531
67803002518
809920963891
697495900006
733388685618
968346277889
223819481443
379529355199
730444716201
236090421144
8290413479
439414319022
705216754755
22474207509
932814458891
782730511281
370430331178
521454065174
69196012157
891555768355
793485419952
123165391492
83960484811
546366288849
61735322343
152572353000
2843644378
788159689283
862690802061
488468919166
660307841791
860372315218
752235606315
216038306160
818094753589
137350006796
5643227148
676529664623
841032265479
729555328902
80175659403
215553504663
550927571843
345892888771
357972205777
244881497528
54850255598
218740264640
580504574959
130150021623
178301220042
757681494970
440492975763
19041153739
142490699752
450157637104
99268719446
432258477553
16603638478
945849222221
379346317125
530153800584
318763454947
45691671980
375955896307
307175703453
568481325317
844187590921
97235040162
903923569645
955782457171
615302177783
40041311324
153602335526
523716558483
171531692742
64012024599
519992058160
898408307062
528562237307
693139410511
118327542768
397804383336
122402394997
817095674753
801128304168
730509253618
453935670669
617987061817
30867648969
256276088387
282339866023
599271655857
326225028749
169724977709
367565941028
91344168022
260996796370
661350686115
529260884877
889300836450
156810103765
274751768919
691618892447
743571946745
535906976595
149983712405
355814992557
597150990089
954975701235
371723588898
292165650409
273120282674
264425174574
248346087850
658319496195
344865913123
765257134129
396539189456
137343376077
821336413426
543887130954
236326976559
774554872001
407226798308
762801437481
921539650506
793812782369
442705959038
618306047795
737823795689
596253042364
192943236340
823291274886
837127039424
9604728146
457937332511
633219796124
355413212624
823898486099
736694149108
875991043853
713177824123
753440406729
357681681882
608526434743
632935741075
959936717223
718138560128
291685861998
905887931924
614876553795
566427769455
557578632805
380702943061
493149282859
324262608615
608508687542
759760301291
423605377419
215459389441
573199288830
698320709186
449058651132
141035922878
157688086962
810505534388
463539903230
376921286691
41969796270
675999595745
141198047479
633251036783
914036362814
30741503426
789971210071
916300993652
426876213233
419862666029
346066262448
137147585608
389459953762
99904752152
